84,-1,313.8,1.2,278.4,479.8,1.000000
84,-1,1.8,1.0,237.0,480.0,1.000000
29,-1,58.6,86.4,127.0,346.6,1.000000
29,-1,233.5,100.5,126.1,314.8,1.000000
212,-1,282.5,4.3,238.0,476.7,1.000000
212,-1,3.5,1.0,203.0,480.0,1.000000
212,-1,520.5,185.7,29.6,84.8,0.999000
212,-1,160.5,53.2,108.6,362.8,0.356000
212,-1,544.6,197.1,22.3,55.3,0.069000
263,-1,97.7,10.1,213.5,470.9,1.000000
263,-1,317.1,122.6,99.1,262.2,1.000000
263,-1,451.2,13.4,189.8,467.6,0.896000
263,-1,381.8,157.3,51.0,184.2,0.103000
352,-1,330.0,1.0,209.5,480.0,1.000000
352,-1,192.5,162.0,52.5,113.4,1.000000
352,-1,124.6,120.6,71.7,178.1,1.000000
352,-1,66.6,127.4,69.4,164.4,0.999000
352,-1,508.6,63.9,106.0,340.8,0.998000
295,-1,27.8,38.3,192.1,442.7,1.000000
295,-1,243.3,58.0,127.5,417.1,1.000000
295,-1,362.5,159.3,69.0,186.2,0.999000
295,-1,451.9,12.2,145.9,448.4,0.885000
393,-1,488.3,99.0,152.7,316.3,1.000000
393,-1,66.4,214.4,26.4,67.5,1.000000
393,-1,257.7,163.4,57.4,154.2,1.000000
393,-1,210.0,164.0,53.4,151.0,1.000000
393,-1,393.7,196.7,33.5,87.2,1.000000
393,-1,328.2,220.3,14.1,37.4,0.995000
393,-1,342.8,221.6,15.1,35.9,0.991000
95,-1,310.7,2.3,272.5,478.7,1.000000
95,-1,1.1,1.0,234.4,480.0,1.000000
56,-1,6.8,1.0,223.4,480.0,1.000000
56,-1,296.7,15.0,259.7,466.0,1.000000
12,-1,65.6,136.2,87.3,233.0,1.000000
12,-1,171.8,139.5,104.9,219.8,1.000000
12,-1,269.9,203.6,25.8,69.0,1.000000
12,-1,317.3,202.2,28.4,70.9,1.000000
12,-1,295.4,202.6,24.5,68.4,0.999000
12,-1,383.7,217.8,14.4,33.4,0.998000
12,-1,155.1,196.5,25.2,72.9,0.940000
12,-1,397.7,218.9,13.8,32.5,0.101000
39,-1,278.0,62.0,188.6,417.9,1.000000
39,-1,71.0,48.3,154.1,432.7,1.000000
39,-1,460.9,186.9,30.0,87.1,1.000000
39,-1,428.8,168.4,29.8,100.7,0.146000
14,-1,190.3,138.3,106.6,223.5,1.000000
14,-1,78.1,135.8,89.7,237.1,1.000000
14,-1,334.9,199.9,27.2,72.1,1.000000
14,-1,310.6,201.4,25.4,67.4,0.999000
14,-1,286.1,202.4,25.3,69.5,0.999000
14,-1,170.2,196.1,26.6,74.7,0.992000
14,-1,400.2,215.1,15.7,35.0,0.200000
63,-1,5.4,1.0,227.2,480.0,1.000000
63,-1,311.1,2.8,287.2,478.2,1.000000
63,-1,565.8,199.0,20.7,47.9,0.890000
287,-1,166.3,103.1,102.2,304.0,1.000000
287,-1,2.7,32.6,146.4,448.4,1.000000
287,-1,371.4,72.6,132.6,383.7,1.000000
287,-1,467.4,16.1,173.6,464.9,0.984000
287,-1,241.1,160.9,47.7,179.6,0.055000
75,-1,307.7,3.4,290.1,477.6,1.000000
75,-1,4.3,1.0,231.1,480.0,1.000000
126,-1,2.5,1.0,247.2,480.0,1.000000
126,-1,310.4,1.8,279.0,479.2,1.000000
126,-1,586.7,206.9,18.1,33.7,0.735000
297,-1,38.7,45.0,197.6,436.0,1.000000
297,-1,243.8,27.8,136.8,453.2,1.000000
297,-1,456.9,3.7,173.7,469.0,1.000000
297,-1,383.2,159.3,78.6,181.2,0.999000
122,-1,308.7,2.6,276.2,478.4,1.000000
122,-1,1.0,1.0,238.7,480.0,1.000000
138,-1,4.8,1.0,229.4,480.0,1.000000
138,-1,305.7,3.5,278.0,477.5,1.000000
138,-1,585.3,204.5,18.2,36.5,1.000000
419,-1,300.3,194.7,31.5,77.1,1.000000
419,-1,158.6,168.1,55.3,137.0,1.000000
419,-1,209.5,169.1,51.2,134.8,0.999000
419,-1,521.9,28.3,119.1,434.3,0.994000
322,-1,162.5,35.4,203.1,445.6,1.000000
322,-1,54.3,123.2,74.7,184.3,1.000000
322,-1,362.5,114.5,98.6,229.1,1.000000
322,-1,467.9,160.3,68.9,174.4,1.000000
322,-1,529.6,153.2,59.3,143.4,0.997000
414,-1,177.3,162.5,51.2,141.8,1.000000
414,-1,234.3,157.5,48.1,148.8,1.000000
414,-1,327.5,189.2,30.2,79.6,0.999000
161,-1,298.7,4.2,220.2,476.8,1.000000
161,-1,545.6,197.2,23.3,52.9,1.000000
161,-1,1.3,1.0,229.8,480.0,1.000000
161,-1,575.4,202.2,20.0,40.3,1.000000
161,-1,523.9,190.2,20.4,66.3,0.987000
161,-1,494.2,179.5,34.6,103.8,0.860000
272,-1,40.1,1.0,243.9,453.0,1.000000
272,-1,315.9,46.9,65.6,197.2,1.000000
272,-1,394.5,1.0,246.5,480.0,0.999000
100,-1,313.1,3.9,274.3,477.1,1.000000
100,-1,1.0,1.0,231.0,480.0,1.000000
128,-1,307.4,6.9,282.4,474.1,1.000000
128,-1,11.0,1.0,239.2,480.0,1.000000
128,-1,588.4,204.5,18.8,36.3,1.000000
400,-1,249.2,163.5,57.0,154.5,1.000000
400,-1,369.0,197.1,31.4,85.8,1.000000
400,-1,203.4,166.0,49.8,150.7,0.999000
400,-1,17.0,212.8,28.3,70.7,0.999000
400,-1,317.1,220.5,14.5,35.7,0.998000
400,-1,544.7,18.3,96.3,462.7,0.984000
206,-1,291.6,1.0,226.4,480.0,1.000000
206,-1,1.0,2.3,225.8,478.7,1.000000
206,-1,525.8,184.8,28.5,83.0,0.999000
119,-1,296.4,7.5,294.4,473.5,1.000000
119,-1,1.0,1.0,231.5,480.0,1.000000
70,-1,1.0,1.0,235.9,480.0,1.000000
70,-1,312.8,1.0,286.0,480.0,1.000000
70,-1,580.7,198.5,24.1,47.8,0.341000
47,-1,25.8,12.7,197.8,468.3,1.000000
47,-1,284.8,40.5,227.2,440.5,1.000000
103,-1,317.1,3.1,263.0,477.9,1.000000
103,-1,1.8,1.0,232.3,480.0,1.000000
89,-1,308.2,5.1,276.6,475.9,1.000000
89,-1,2.4,1.0,230.3,480.0,1.000000
30,-1,52.0,85.0,132.3,348.6,1.000000
30,-1,237.2,94.6,124.8,328.5,1.000000
30,-1,459.6,211.5,16.0,36.1,0.485000
91,-1,306.9,10.1,278.0,470.9,1.000000
91,-1,1.2,2.4,238.7,478.6,1.000000
67,-1,307.7,1.0,295.8,480.0,1.000000
67,-1,1.0,1.0,234.1,480.0,1.000000
67,-1,575.0,202.0,23.6,43.7,0.664000
232,-1,555.8,198.7,25.8,64.0,1.000000
232,-1,1.0,10.2,223.2,470.8,1.000000
232,-1,253.5,111.6,84.6,236.3,1.000000
232,-1,326.0,64.5,150.3,416.5,1.000000
232,-1,511.2,183.0,33.2,98.9,1.000000
232,-1,490.1,182.4,34.5,110.7,0.994000
232,-1,456.2,164.9,38.2,130.3,0.982000
273,-1,312.4,43.4,64.3,197.5,1.000000
273,-1,23.8,1.0,258.4,448.7,1.000000
273,-1,385.5,1.0,255.5,480.0,0.999000
273,-1,257.4,60.0,56.1,147.8,0.935000
34,-1,64.1,67.4,138.1,392.5,1.000000
34,-1,256.5,85.3,150.6,365.7,1.000000
34,-1,486.7,204.0,17.9,42.3,1.000000
34,-1,428.5,187.6,28.6,82.6,1.000000
34,-1,401.7,185.3,25.9,79.1,1.000000
40,-1,66.9,52.6,161.8,428.4,1.000000
40,-1,279.7,54.7,196.4,426.3,1.000000
40,-1,465.0,192.6,31.3,80.6,0.999000
40,-1,436.2,168.8,29.1,102.7,0.544000
148,-1,308.9,2.4,296.8,478.6,1.000000
148,-1,1.0,1.0,232.2,480.0,1.000000
231,-1,1.0,10.0,225.4,471.0,1.000000
231,-1,250.0,107.8,87.8,237.7,1.000000
231,-1,552.5,197.1,25.9,64.9,1.000000
231,-1,320.8,60.4,148.3,420.6,1.000000
231,-1,509.1,182.1,33.6,100.2,0.999000
231,-1,488.3,179.1,36.2,109.6,0.993000
231,-1,454.9,166.2,36.2,129.6,0.989000
46,-1,278.6,36.5,228.1,444.5,1.000000
46,-1,31.0,16.1,190.1,464.9,1.000000
189,-1,303.4,4.9,214.2,476.1,1.000000
189,-1,1.0,1.0,229.0,480.0,1.000000
189,-1,564.9,201.9,20.7,45.4,1.000000
189,-1,526.4,186.6,25.1,74.7,0.999000
189,-1,540.9,195.6,26.5,55.8,0.992000
341,-1,237.4,4.3,203.5,476.7,1.000000
341,-1,185.6,194.2,22.0,51.1,1.000000
341,-1,493.8,62.3,130.6,304.5,1.000000
341,-1,34.9,118.7,74.1,175.8,0.999000
172,-1,291.9,1.0,218.5,480.0,1.000000
172,-1,2.9,1.0,222.6,480.0,1.000000
50,-1,286.2,21.7,246.7,459.3,1.000000
50,-1,11.8,8.6,213.7,472.4,1.000000
50,-1,534.2,202.8,22.7,48.7,0.999000
121,-1,313.1,3.0,272.2,478.0,1.000000
121,-1,1.0,1.0,237.0,480.0,1.000000
8,-1,38.5,140.7,88.8,221.3,1.000000
8,-1,143.9,147.5,98.5,200.3,1.000000
8,-1,285.6,202.5,26.0,66.7,1.000000
8,-1,262.5,199.3,26.2,67.1,1.000000
8,-1,237.0,202.2,24.8,68.0,1.000000
134,-1,311.1,3.6,269.8,477.4,1.000000
134,-1,4.8,1.0,239.0,480.0,1.000000
134,-1,585.9,204.0,19.2,37.6,1.000000
245,-1,307.9,120.5,78.6,196.9,1.000000
245,-1,52.8,7.8,234.6,473.2,1.000000
245,-1,390.1,175.8,33.3,86.1,0.999000
245,-1,433.6,90.1,140.9,375.5,0.998000
245,-1,414.3,172.9,34.6,112.2,0.995000
245,-1,13.2,158.5,39.3,95.2,0.707000
177,-1,293.8,1.0,217.5,480.0,1.000000
177,-1,2.6,1.2,229.6,479.8,1.000000
177,-1,572.7,196.5,20.1,51.0,0.993000
223,-1,298.6,20.3,192.3,460.7,1.000000
223,-1,1.0,2.3,218.8,478.7,1.000000
223,-1,201.6,87.1,104.9,289.5,1.000000
223,-1,537.7,194.5,26.7,63.0,0.999000
223,-1,504.6,183.4,32.5,92.5,0.998000
223,-1,482.9,182.5,34.5,100.8,0.990000
66,-1,1.0,1.0,232.5,480.0,1.000000
66,-1,313.3,1.0,281.8,480.0,1.000000
66,-1,572.8,202.5,22.1,41.6,0.187000
342,-1,240.5,4.2,217.3,476.8,1.000000
342,-1,511.2,58.2,127.4,313.6,1.000000
342,-1,187.2,193.0,21.7,50.9,1.000000
342,-1,33.4,115.8,76.8,175.9,0.999000
243,-1,48.1,3.8,232.5,477.2,1.000000
243,-1,308.5,119.4,73.6,197.7,1.000000
243,-1,390.5,179.0,32.4,86.8,1.000000
243,-1,421.0,84.6,149.1,381.3,1.000000
181,-1,296.6,1.9,212.7,479.1,1.000000
181,-1,543.7,195.7,25.1,56.7,1.000000
181,-1,567.8,202.0,21.3,44.8,1.000000
181,-1,3.2,1.0,225.6,480.0,1.000000
181,-1,521.7,187.8,21.1,73.5,0.949000
181,-1,497.2,181.8,32.9,97.2,0.861000
57,-1,300.6,11.9,266.9,469.1,1.000000
57,-1,4.5,1.0,224.0,480.0,1.000000
302,-1,156.1,1.0,203.7,480.0,1.000000
302,-1,438.4,165.1,67.3,170.2,1.000000
302,-1,363.6,161.6,61.3,148.9,0.999000
302,-1,3.7,143.4,66.2,171.5,0.995000
302,-1,516.9,1.0,124.1,480.0,0.978000
281,-1,320.1,1.0,259.6,480.0,1.000000
281,-1,186.9,104.2,84.5,245.6,1.000000
281,-1,1.0,6.4,142.8,474.6,1.000000
281,-1,268.1,136.2,56.6,145.9,0.999000
281,-1,138.0,131.5,72.9,206.2,0.978000
281,-1,525.8,51.0,115.2,310.5,0.472000
49,-1,285.4,29.1,243.5,451.9,1.000000
49,-1,19.8,15.3,204.0,465.7,1.000000
5,-1,30.8,148.3,83.5,205.4,1.000000
5,-1,133.1,149.5,90.2,195.3,1.000000
5,-1,329.7,213.2,14.5,34.1,1.000000
5,-1,240.9,195.2,29.3,70.7,1.000000
5,-1,219.8,202.6,22.2,66.2,0.999000
5,-1,264.2,199.0,26.3,68.1,0.999000
239,-1,21.8,8.6,240.6,472.4,1.000000
239,-1,303.7,122.3,70.8,204.0,1.000000
239,-1,392.0,81.1,149.8,396.3,1.000000
239,-1,591.4,192.6,31.5,74.5,0.999000
221,-1,294.9,17.7,207.9,463.3,1.000000
221,-1,1.0,1.0,205.2,480.0,1.000000
221,-1,506.0,183.1,34.1,90.7,1.000000
221,-1,187.2,90.0,115.1,306.5,0.999000
221,-1,535.9,194.5,27.3,62.5,0.997000
221,-1,485.6,182.1,25.6,100.2,0.704000
349,-1,322.6,1.0,208.9,480.0,1.000000
349,-1,206.4,168.9,49.9,109.2,1.000000
349,-1,90.0,130.8,83.7,173.9,1.000000
349,-1,47.8,126.2,58.0,174.2,0.998000
98,-1,311.3,5.0,276.3,476.0,1.000000
98,-1,1.9,1.0,234.9,480.0,1.000000
410,-1,248.0,157.3,51.8,148.8,1.000000
410,-1,347.1,186.9,32.1,84.1,1.000000
410,-1,192.8,159.2,48.8,145.9,1.000000
109,-1,1.6,2.2,230.8,478.8,1.000000
109,-1,315.5,1.0,278.3,480.0,1.000000
54,-1,296.3,21.1,248.9,459.9,1.000000
54,-1,9.5,1.0,218.2,480.0,1.000000
266,-1,67.0,6.1,226.3,474.9,1.000000
266,-1,369.6,153.9,58.0,165.3,0.999000
266,-1,429.7,2.8,211.3,478.2,0.994000
266,-1,276.1,108.0,87.6,285.4,0.948000
357,-1,342.8,1.0,222.8,480.0,1.000000
357,-1,158.5,125.5,80.6,171.3,1.000000
357,-1,2.3,45.6,102.7,321.1,0.998000
357,-1,120.5,122.7,58.8,167.4,0.983000
300,-1,205.5,10.1,175.7,470.9,1.000000
300,-1,63.1,48.3,190.5,432.7,1.000000
300,-1,3.2,140.2,53.5,196.0,0.999000
300,-1,411.5,164.4,88.8,173.3,0.999000
300,-1,488.5,1.0,152.5,480.0,0.999000
300,-1,356.6,164.3,62.0,144.2,0.992000
123,-1,307.1,1.9,279.3,479.1,1.000000
123,-1,1.0,1.0,246.0,480.0,1.000000
43,-1,280.3,50.8,209.6,430.2,1.000000
43,-1,39.5,31.3,186.2,449.7,1.000000
99,-1,308.8,5.5,276.0,475.5,1.000000
99,-1,3.3,1.0,232.7,480.0,1.000000
382,-1,164.9,217.4,27.7,59.6,1.000000
382,-1,33.9,74.1,121.0,340.3,1.000000
382,-1,506.1,162.8,81.9,173.2,1.000000
382,-1,288.3,161.0,57.9,159.5,1.000000
382,-1,455.1,196.5,35.1,92.3,1.000000
382,-1,403.7,223.4,14.0,37.9,0.999000
382,-1,237.2,170.5,53.1,144.6,0.996000
382,-1,418.9,223.9,12.6,36.4,0.951000
145,-1,1.0,1.0,226.0,480.0,1.000000
145,-1,303.3,1.0,288.8,480.0,1.000000
350,-1,322.4,1.0,213.3,480.0,1.000000
350,-1,202.5,169.7,50.7,107.4,1.000000
350,-1,92.4,131.1,86.3,175.9,1.000000
350,-1,50.7,127.6,64.0,171.3,0.999000
53,-1,296.1,15.3,240.6,465.7,1.000000
53,-1,10.0,1.0,217.1,480.0,1.000000
270,-1,46.2,1.0,252.3,480.0,1.000000
270,-1,336.3,115.4,62.4,178.9,1.000000
270,-1,412.0,1.0,229.0,480.0,1.000000
4,-1,25.3,145.6,80.1,203.2,1.000000
4,-1,125.0,148.5,88.4,185.6,1.000000
4,-1,323.5,212.2,14.6,33.4,1.000000
4,-1,232.4,192.7,28.5,70.5,1.000000
4,-1,254.9,198.1,26.8,65.7,0.999000
171,-1,292.7,1.0,215.4,480.0,1.000000
171,-1,4.5,1.0,221.3,480.0,1.000000
215,-1,287.3,1.0,227.6,480.0,1.000000
215,-1,518.1,183.0,27.3,89.0,1.000000
215,-1,2.1,1.0,187.7,480.0,1.000000
215,-1,147.9,64.5,145.1,346.9,0.997000
215,-1,537.5,192.0,23.7,65.0,0.241000
170,-1,292.4,7.7,216.8,473.3,1.000000
170,-1,1.0,1.0,226.6,480.0,1.000000
170,-1,546.0,195.1,24.3,58.1,0.997000
170,-1,497.9,178.2,35.0,98.4,0.994000
82,-1,310.9,1.0,281.4,480.0,1.000000
82,-1,2.8,1.0,233.8,480.0,1.000000
32,-1,55.1,78.4,136.6,367.0,1.000000
32,-1,237.5,93.8,145.8,341.0,1.000000
32,-1,467.8,209.4,15.6,37.0,0.999000
32,-1,408.5,185.3,29.2,86.8,0.999000
347,-1,303.6,1.0,214.4,480.0,1.000000
347,-1,208.3,174.5,51.0,100.8,1.000000
347,-1,74.5,127.3,78.0,175.3,0.999000
347,-1,14.5,129.2,74.3,178.2,0.999000
347,-1,556.5,105.8,84.5,265.0,0.998000
347,-1,191.2,193.1,27.5,59.1,0.190000
358,-1,343.6,1.0,224.0,480.0,1.000000
358,-1,162.0,133.4,82.1,166.2,1.000000
358,-1,1.5,57.0,107.6,302.5,0.999000
358,-1,120.2,129.2,64.0,171.5,0.999000
294,-1,12.8,31.9,198.4,449.1,1.000000
294,-1,236.4,58.6,117.8,414.4,1.000000
294,-1,342.7,166.8,70.1,177.1,0.999000
294,-1,447.3,33.5,158.5,425.8,0.305000
294,-1,552.9,55.0,88.1,426.0,0.058000
108,-1,312.2,1.2,282.6,479.8,1.000000
108,-1,1.2,1.0,233.5,480.0,1.000000
356,-1,340.3,1.0,222.1,480.0,1.000000
356,-1,155.5,127.9,79.0,169.2,1.000000
356,-1,111.3,126.7,61.8,167.9,0.999000
356,-1,1.6,48.0,84.1,323.1,0.996000
356,-1,558.7,27.6,82.3,421.1,0.314000
112,-1,307.6,5.7,290.3,475.3,1.000000
112,-1,2.6,1.0,225.4,480.0,1.000000
141,-1,2.4,2.9,224.6,478.1,1.000000
141,-1,306.9,4.0,277.3,477.0,1.000000
141,-1,583.2,204.5,19.5,38.2,0.999000
277,-1,32.4,4.8,218.2,476.2,1.000000
277,-1,379.5,1.0,256.3,480.0,1.000000
277,-1,279.7,115.6,79.4,210.4,1.000000
335,-1,225.2,16.0,201.7,465.0,1.000000
335,-1,457.6,82.3,103.0,282.9,1.000000
335,-1,28.5,113.9,73.8,191.5,1.000000
335,-1,558.0,103.8,83.0,225.2,0.999000
335,-1,129.6,187.9,29.3,55.6,0.530000
166,-1,296.9,1.7,217.0,479.3,1.000000
166,-1,546.1,195.8,24.2,54.9,1.000000
166,-1,575.5,201.6,19.1,41.3,1.000000
166,-1,1.0,1.5,231.7,479.5,1.000000
166,-1,497.0,178.6,35.2,98.4,0.990000
31,-1,55.1,80.0,129.1,365.4,1.000000
31,-1,236.3,99.4,133.8,332.9,1.000000
31,-1,462.7,206.8,16.9,38.6,1.000000
344,-1,266.7,4.0,209.4,477.0,1.000000
344,-1,186.2,197.9,21.9,52.0,1.000000
344,-1,214.0,169.2,48.8,97.8,1.000000
344,-1,41.4,114.8,78.3,185.3,0.999000
344,-1,2.5,119.9,62.7,188.0,0.999000
344,-1,541.6,61.9,99.4,325.2,0.990000
397,-1,37.1,215.6,27.6,66.3,1.000000
397,-1,375.0,196.5,36.3,89.5,1.000000
397,-1,493.3,77.6,147.7,375.6,1.000000
397,-1,248.1,165.9,60.8,158.0,0.999000
397,-1,200.1,170.5,61.4,148.7,0.999000
397,-1,326.8,220.9,14.3,37.5,0.994000
397,-1,309.7,221.2,13.2,39.4,0.985000
33,-1,59.4,65.8,133.9,384.2,1.000000
33,-1,247.8,82.4,152.5,350.6,1.000000
33,-1,476.9,204.1,16.4,40.5,1.000000
33,-1,419.7,183.9,28.0,86.6,0.999000
33,-1,395.0,184.5,24.1,77.5,0.997000
213,-1,283.3,1.0,228.9,480.0,1.000000
213,-1,1.0,1.0,196.4,480.0,1.000000
213,-1,518.7,183.8,29.4,85.7,1.000000
213,-1,151.4,47.4,130.7,372.7,0.991000
213,-1,542.3,193.7,22.8,59.0,0.162000
406,-1,243.0,161.5,60.4,152.5,1.000000
406,-1,354.5,193.5,32.5,84.8,1.000000
406,-1,195.0,166.5,58.1,145.2,1.000000
406,-1,299.6,217.4,14.1,38.8,0.832000
301,-1,417.5,166.5,84.7,172.5,1.000000
301,-1,188.7,1.0,183.0,480.0,1.000000
301,-1,354.1,162.6,68.3,150.0,0.998000
301,-1,502.3,1.0,138.7,480.0,0.998000
301,-1,3.0,147.5,62.2,166.2,0.997000
301,-1,85.8,22.6,164.0,458.4,0.996000
107,-1,313.7,2.3,277.6,478.7,1.000000
107,-1,2.1,1.0,230.0,480.0,1.000000
116,-1,306.9,1.0,292.1,480.0,1.000000
116,-1,1.0,1.4,228.0,479.6,1.000000
13,-1,64.4,136.9,92.8,233.1,1.000000
13,-1,180.7,143.2,102.8,216.3,1.000000
13,-1,325.3,202.1,25.9,69.9,1.000000
13,-1,300.6,200.6,25.5,68.8,1.000000
13,-1,275.8,204.4,23.9,67.8,1.000000
13,-1,390.3,218.0,15.0,33.3,0.999000
13,-1,161.5,197.5,27.0,72.9,0.985000
13,-1,376.5,220.5,10.6,27.1,0.225000
13,-1,399.2,217.4,14.5,32.3,0.068000
136,-1,7.9,1.0,229.1,480.0,1.000000
136,-1,307.3,2.0,275.6,479.0,1.000000
136,-1,585.8,204.5,18.7,36.2,0.999000
274,-1,25.5,1.0,243.1,480.0,1.000000
274,-1,390.0,1.0,251.0,480.0,1.000000
274,-1,305.5,55.5,65.1,205.3,0.999000
274,-1,263.4,90.0,51.1,127.1,0.991000
11,-1,52.3,135.4,93.7,228.3,1.000000
11,-1,163.4,143.9,100.7,205.8,1.000000
11,-1,307.0,200.5,27.9,69.8,1.000000
11,-1,284.3,197.6,24.7,70.2,1.000000
11,-1,373.1,216.9,14.7,31.7,1.000000
11,-1,258.2,200.8,26.1,70.2,1.000000
11,-1,146.3,194.1,25.3,70.5,0.903000
262,-1,113.7,9.6,205.6,471.4,1.000000
262,-1,339.0,126.0,96.7,247.3,1.000000
262,-1,474.4,2.5,166.6,478.5,0.502000
278,-1,29.6,5.8,206.9,475.2,1.000000
278,-1,370.2,1.0,251.9,480.0,1.000000
278,-1,268.9,113.1,78.2,223.9,1.000000
59,-1,303.7,12.2,270.8,468.8,1.000000
59,-1,4.8,1.0,225.6,480.0,1.000000
211,-1,284.4,1.0,232.8,480.0,1.000000
211,-1,1.0,1.0,205.3,480.0,1.000000
211,-1,520.7,184.2,30.3,85.7,0.999000
211,-1,546.5,193.6,23.6,56.1,0.080000
374,-1,420.3,1.0,220.7,480.0,1.000000
374,-1,183.2,218.0,26.9,58.3,1.000000
374,-1,210.1,162.0,65.9,152.3,1.000000
374,-1,32.1,82.1,134.8,309.5,1.000000
374,-1,259.9,155.7,59.9,163.3,1.000000
374,-1,415.9,222.9,14.5,39.7,0.407000
218,-1,289.2,1.0,213.8,480.0,1.000000
218,-1,512.4,182.6,31.4,89.9,1.000000
218,-1,169.4,67.9,128.2,333.1,0.999000
218,-1,1.2,3.9,189.0,477.1,0.999000
218,-1,533.6,193.9,26.6,61.5,0.990000
216,-1,288.8,1.0,221.0,480.0,1.000000
216,-1,517.3,182.9,28.4,88.7,1.000000
216,-1,3.6,1.0,185.8,480.0,1.000000
216,-1,165.3,62.2,133.1,346.3,0.999000
216,-1,536.3,193.9,25.1,60.4,0.710000
369,-1,378.1,13.3,217.7,467.7,1.000000
369,-1,6.8,74.9,130.4,314.3,1.000000
369,-1,158.0,156.6,72.7,158.4,1.000000
369,-1,218.7,153.0,71.0,162.9,0.999000
312,-1,119.7,59.0,167.2,422.0,1.000000
312,-1,488.1,94.1,145.4,339.9,1.000000
312,-1,1.0,54.2,122.4,416.6,0.999000
312,-1,299.0,148.5,77.2,184.6,0.999000
312,-1,392.6,156.1,62.0,167.7,0.998000
312,-1,452.5,177.5,42.7,117.9,0.995000
312,-1,357.8,185.6,63.2,142.4,0.995000
226,-1,1.0,1.0,226.6,480.0,1.000000
226,-1,306.2,34.1,183.4,446.9,1.000000
226,-1,222.6,105.6,89.5,252.0,1.000000
226,-1,539.9,195.3,26.0,63.5,0.999000
226,-1,483.8,179.6,36.4,103.6,0.996000
226,-1,504.5,182.9,29.4,90.0,0.457000
186,-1,305.3,1.0,206.9,480.0,1.000000
186,-1,3.0,1.0,223.0,480.0,1.000000
186,-1,567.0,201.6,20.3,44.1,1.000000
186,-1,525.2,185.4,25.5,75.5,0.999000
186,-1,542.6,194.5,26.0,57.8,0.999000
389,-1,520.8,137.6,83.3,240.9,1.000000
389,-1,111.4,217.7,28.1,64.4,1.000000
389,-1,226.4,169.1,57.3,152.6,1.000000
389,-1,278.4,161.9,58.5,163.5,1.000000
389,-1,1.0,60.0,111.4,360.5,0.999000
389,-1,426.1,200.7,31.8,86.9,0.999000
389,-1,363.0,223.4,14.3,37.9,0.998000
389,-1,377.5,224.2,13.0,36.4,0.976000
250,-1,99.5,5.8,206.7,475.2,1.000000
250,-1,320.2,124.0,69.8,192.8,1.000000
250,-1,415.0,169.5,39.6,119.9,0.999000
250,-1,392.4,174.1,33.8,94.8,0.997000
378,-1,181.6,214.1,27.6,59.8,1.000000
378,-1,42.3,72.9,128.3,321.2,1.000000
378,-1,275.2,157.3,62.8,163.1,1.000000
378,-1,460.7,194.0,32.6,94.9,1.000000
378,-1,231.0,161.8,55.5,149.2,0.999000
378,-1,412.7,223.6,13.8,37.1,0.990000
378,-1,428.2,222.4,13.0,36.5,0.967000
378,-1,515.8,8.2,125.2,472.8,0.344000
6,-1,33.6,148.5,84.1,204.6,1.000000
6,-1,138.8,145.4,90.6,197.7,1.000000
6,-1,247.4,198.4,29.0,68.3,1.000000
6,-1,270.8,201.9,25.5,65.6,1.000000
6,-1,224.2,202.4,24.8,66.0,1.000000
299,-1,219.8,14.0,163.9,467.0,1.000000
299,-1,474.5,1.0,166.5,480.0,1.000000
299,-1,56.0,56.8,194.6,424.2,1.000000
299,-1,401.1,161.4,96.5,172.7,0.999000
299,-1,3.2,120.3,56.1,207.7,0.216000
299,-1,351.0,162.1,52.9,157.3,0.090000
72,-1,307.7,1.0,290.8,480.0,1.000000
72,-1,3.7,1.0,232.0,480.0,1.000000
72,-1,584.1,196.3,26.4,50.2,0.998000
129,-1,307.4,7.9,280.6,473.1,1.000000
129,-1,588.4,204.1,18.5,36.7,1.000000
129,-1,5.7,1.0,244.4,480.0,1.000000
236,-1,9.2,2.5,228.5,478.5,1.000000
236,-1,279.3,118.3,76.8,213.2,1.000000
236,-1,357.8,75.0,143.7,406.0,1.000000
236,-1,524.9,179.7,37.1,105.6,0.999000
236,-1,579.0,193.7,30.7,69.1,0.997000
219,-1,284.9,3.6,216.6,477.4,1.000000
219,-1,2.8,6.0,191.6,475.0,1.000000
219,-1,511.3,184.3,31.3,86.7,1.000000
219,-1,178.0,74.1,120.8,322.1,0.999000
219,-1,533.3,193.6,27.2,62.7,0.998000
3,-1,20.5,141.9,80.6,206.6,1.000000
3,-1,119.7,148.6,90.1,185.6,1.000000
3,-1,317.1,212.9,14.4,32.5,1.000000
3,-1,248.5,196.5,26.2,66.9,1.000000
259,-1,144.8,16.7,206.7,464.3,1.000000
259,-1,31.5,129.0,87.0,191.1,1.000000
259,-1,395.5,127.8,82.2,219.4,1.000000
259,-1,335.8,134.8,64.6,183.1,0.999000
214,-1,282.5,1.0,229.3,480.0,1.000000
214,-1,5.2,4.3,182.2,476.7,1.000000
214,-1,517.6,185.9,29.4,84.5,1.000000
214,-1,146.2,56.4,136.2,362.7,0.998000
214,-1,492.0,183.5,27.1,100.7,0.051000
304,-1,102.8,1.0,202.0,480.0,1.000000
304,-1,457.8,160.2,63.0,177.4,1.000000
304,-1,10.0,100.8,108.2,270.7,1.000000
304,-1,289.0,154.4,68.4,165.2,0.997000
304,-1,376.0,157.9,52.2,147.7,0.996000
304,-1,338.4,188.4,54.2,125.1,0.621000
235,-1,6.2,1.7,226.5,479.3,1.000000
235,-1,272.2,118.9,80.7,223.4,1.000000
235,-1,347.8,68.2,145.0,412.8,1.000000
235,-1,571.0,193.9,29.0,70.4,1.000000
235,-1,522.3,184.0,35.5,101.6,0.999000
45,-1,283.9,41.7,217.9,439.3,1.000000
45,-1,28.7,21.5,195.4,459.5,1.000000
408,-1,195.6,163.8,53.8,140.5,1.000000
408,-1,246.7,157.0,56.5,150.4,1.000000
408,-1,353.1,189.8,32.8,84.4,1.000000
363,-1,352.8,12.8,208.7,468.2,1.000000
363,-1,1.1,72.2,91.1,330.6,1.000000
363,-1,134.0,154.9,63.0,164.1,0.999000
363,-1,94.6,170.5,57.0,142.7,0.999000
363,-1,178.9,161.5,64.4,160.7,0.999000
363,-1,525.1,8.7,115.9,462.3,0.115000
412,-1,238.6,163.1,51.6,143.5,1.000000
412,-1,183.0,163.9,49.2,138.9,1.000000
412,-1,336.0,188.4,31.0,82.6,1.000000
182,-1,298.2,1.0,214.0,480.0,1.000000
182,-1,567.5,201.3,20.6,45.1,1.000000
182,-1,3.9,1.0,221.4,480.0,1.000000
182,-1,543.6,196.0,25.4,55.2,1.000000
182,-1,520.1,186.9,23.4,75.2,0.925000
182,-1,496.6,179.8,33.3,105.0,0.379000
331,-1,227.1,30.5,204.6,450.5,1.000000
331,-1,438.5,87.4,99.9,273.3,1.000000
331,-1,38.0,62.9,99.8,316.0,0.999000
331,-1,567.6,141.5,73.4,207.8,0.996000
244,-1,58.1,5.2,225.3,475.8,1.000000
244,-1,309.6,119.8,74.9,198.1,1.000000
244,-1,427.1,86.0,148.9,389.7,1.000000
244,-1,392.4,175.9,31.8,91.2,0.999000
244,-1,418.3,177.1,25.1,112.2,0.213000
244,-1,21.7,155.3,47.7,106.6,0.057000
413,-1,238.0,160.3,50.6,143.0,1.000000
413,-1,182.5,163.7,49.3,141.2,1.000000
413,-1,334.4,188.6,29.3,80.7,0.998000
17,-1,85.7,127.5,92.2,253.9,1.000000
17,-1,211.7,133.1,101.3,233.0,1.000000
17,-1,332.6,193.7,27.0,74.2,1.000000
17,-1,46.1,194.4,27.4,73.6,0.999000
17,-1,306.8,195.7,26.0,73.8,0.999000
17,-1,190.5,192.0,29.3,73.6,0.992000
313,-1,110.5,63.4,174.6,417.6,1.000000
313,-1,484.3,91.3,149.1,351.0,1.000000
313,-1,395.0,156.9,57.5,164.1,0.999000
313,-1,443.9,176.8,45.3,115.0,0.998000
313,-1,297.7,152.1,72.4,190.7,0.998000
313,-1,357.3,184.9,61.2,144.2,0.998000
313,-1,4.7,65.0,82.1,387.3,0.101000
55,-1,297.7,19.1,254.2,461.9,1.000000
55,-1,8.6,1.0,219.2,480.0,1.000000
240,-1,38.0,5.6,226.3,475.4,1.000000
240,-1,308.4,123.2,68.0,200.6,1.000000
240,-1,402.0,79.1,149.0,393.2,1.000000
240,-1,594.2,190.5,29.4,74.0,0.897000
153,-1,3.6,1.0,237.1,480.0,1.000000
153,-1,306.5,1.0,299.8,480.0,1.000000
153,-1,580.1,204.3,18.3,37.3,0.990000
224,-1,301.0,23.2,185.4,457.8,1.000000
224,-1,1.0,2.4,222.0,478.6,1.000000
224,-1,537.7,194.9,26.9,63.0,0.999000
224,-1,207.5,98.2,99.0,268.9,0.999000
224,-1,480.7,180.3,37.1,104.2,0.996000
224,-1,504.7,184.1,30.3,90.3,0.990000
117,-1,303.9,4.3,297.6,476.7,1.000000
117,-1,1.0,1.0,228.5,480.0,1.000000
325,-1,201.5,28.1,195.8,452.9,1.000000
325,-1,513.7,151.8,91.6,186.0,1.000000
325,-1,122.5,92.4,92.8,232.7,1.000000
325,-1,411.5,97.6,91.0,246.6,1.000000
325,-1,72.1,120.7,72.4,182.7,0.989000
325,-1,5.2,124.1,30.2,178.7,0.988000
330,-1,223.9,26.3,204.4,454.7,1.000000
330,-1,52.7,62.9,99.3,310.8,1.000000
330,-1,430.6,92.8,103.1,265.3,1.000000
330,-1,565.8,149.7,75.2,193.9,0.999000
330,-1,1.0,128.4,49.2,159.8,0.947000
280,-1,1.0,26.8,195.4,454.2,1.000000
280,-1,343.3,1.2,253.2,479.8,1.000000
280,-1,224.3,125.3,85.3,229.9,1.000000
280,-1,293.3,150.6,47.8,146.0,0.988000
280,-1,168.4,144.7,74.3,200.8,0.723000
280,-1,556.7,52.4,84.3,334.5,0.108000
253,-1,122.8,12.6,207.1,468.4,1.000000
253,-1,67.1,181.6,55.6,96.9,1.000000
253,-1,334.5,131.7,67.9,188.2,1.000000
253,-1,419.7,172.1,41.3,124.0,1.000000
253,-1,461.9,143.2,59.7,181.3,0.983000
253,-1,405.6,176.4,26.9,101.9,0.270000
409,-1,249.8,155.4,52.8,151.5,1.000000
409,-1,196.6,156.9,49.7,147.1,1.000000
409,-1,351.2,186.7,33.3,84.7,1.000000
192,-1,302.8,1.0,216.3,480.0,1.000000
192,-1,2.5,2.5,224.6,478.5,1.000000
192,-1,527.1,188.3,28.9,73.9,1.000000
192,-1,563.6,202.2,20.8,45.9,1.000000
192,-1,542.6,194.8,21.9,57.0,0.061000
318,-1,120.5,55.8,193.1,425.2,1.000000
318,-1,24.2,141.5,71.7,184.8,1.000000
318,-1,326.7,142.6,94.1,205.2,1.000000
318,-1,497.7,38.6,143.3,442.4,0.997000
318,-1,390.6,183.3,80.2,157.0,0.996000
36,-1,75.0,63.9,143.0,411.7,1.000000
36,-1,271.2,76.4,165.7,384.4,1.000000
36,-1,506.2,204.0,18.3,43.6,1.000000
36,-1,447.0,186.5,30.1,86.2,1.000000
36,-1,420.0,185.1,26.0,81.7,0.990000
60,-1,7.1,1.0,225.0,480.0,1.000000
60,-1,303.7,7.1,278.5,473.9,1.000000
391,-1,505.6,110.7,105.7,273.5,1.000000
391,-1,85.2,213.3,27.7,63.7,1.000000
391,-1,264.2,163.7,59.4,157.5,1.000000
391,-1,409.9,196.0,29.1,84.9,1.000000
391,-1,215.3,164.5,56.1,150.6,1.000000
391,-1,343.2,220.0,13.0,36.1,0.994000
391,-1,356.1,219.8,14.1,36.3,0.990000
391,-1,5.6,66.3,74.0,346.3,0.615000
26,-1,64.6,101.3,113.1,316.9,1.000000
26,-1,225.2,115.6,120.4,287.7,1.000000
307,-1,507.7,121.5,116.3,263.0,1.000000
307,-1,380.2,157.4,69.4,155.1,1.000000
307,-1,301.7,151.1,68.0,169.2,1.000000
307,-1,465.4,163.6,76.1,174.5,0.992000
307,-1,6.3,21.2,228.0,459.8,0.970000
307,-1,345.1,183.6,43.5,130.5,0.576000
307,-1,167.6,64.9,108.4,411.4,0.081000
362,-1,345.6,14.8,213.3,466.2,1.000000
362,-1,121.1,155.3,72.6,157.7,1.000000
362,-1,1.2,75.7,90.2,325.1,1.000000
362,-1,181.4,152.4,62.1,166.6,0.999000
362,-1,537.5,8.1,103.5,418.7,0.959000
339,-1,232.2,6.2,199.0,474.8,1.000000
339,-1,479.7,66.5,116.3,297.3,1.000000
339,-1,193.7,193.5,23.2,50.7,1.000000
339,-1,26.3,113.4,71.9,185.6,0.999000
339,-1,588.5,88.0,52.5,243.0,0.367000
179,-1,291.6,8.9,214.1,472.1,1.000000
179,-1,544.9,196.6,24.3,55.0,1.000000
179,-1,568.8,202.0,20.2,43.5,1.000000
179,-1,3.6,1.0,221.3,480.0,1.000000
179,-1,495.5,180.8,36.6,99.2,0.986000
179,-1,520.7,188.3,20.8,71.2,0.409000
405,-1,356.9,193.2,32.0,85.0,1.000000
405,-1,238.9,164.3,63.1,150.2,0.999000
405,-1,195.3,164.1,61.9,150.8,0.999000
405,-1,300.2,218.0,15.2,37.1,0.998000
386,-1,134.6,211.9,30.9,64.7,1.000000
386,-1,519.0,146.6,71.7,209.1,1.000000
386,-1,442.0,194.5,33.9,89.7,1.000000
386,-1,281.8,157.4,64.9,163.1,1.000000
386,-1,3.9,62.2,121.8,354.7,1.000000
386,-1,234.6,159.4,55.1,155.0,0.999000
386,-1,381.2,221.6,13.5,35.8,0.997000
386,-1,394.7,221.3,13.4,35.8,0.990000
144,-1,312.1,1.0,278.0,480.0,1.000000
144,-1,3.6,1.0,219.8,480.0,1.000000
144,-1,582.5,205.0,19.2,37.0,0.994000
160,-1,300.4,5.6,221.9,475.4,1.000000
160,-1,2.8,1.0,233.8,480.0,1.000000
160,-1,545.6,196.7,23.9,53.1,1.000000
160,-1,576.4,201.5,20.5,41.5,1.000000
160,-1,524.7,190.6,21.1,65.6,0.987000
160,-1,492.6,178.4,35.9,108.1,0.063000
247,-1,310.3,121.0,73.4,192.0,1.000000
247,-1,70.8,15.6,218.1,465.4,1.000000
247,-1,412.5,172.1,37.3,111.2,0.999000
247,-1,387.8,173.9,33.4,89.9,0.998000
247,-1,453.3,82.5,109.6,369.1,0.213000
385,-1,142.6,212.9,29.3,62.6,1.000000
385,-1,512.1,151.9,81.4,191.6,1.000000
385,-1,447.2,196.4,33.0,88.3,1.000000
385,-1,9.6,69.2,117.5,342.0,1.000000
385,-1,280.3,160.0,66.4,161.6,1.000000
385,-1,236.6,162.4,52.4,152.8,0.999000
385,-1,388.2,220.3,14.4,38.6,0.993000
385,-1,402.3,221.0,13.2,36.2,0.977000
284,-1,367.3,1.0,251.7,480.0,1.000000
284,-1,146.8,111.6,101.2,280.3,1.000000
284,-1,2.2,34.9,121.8,446.1,0.999000
284,-1,318.0,82.9,104.1,338.7,0.373000
284,-1,274.6,160.0,48.7,148.1,0.335000
284,-1,118.0,158.0,41.5,163.7,0.062000
42,-1,281.8,57.7,199.2,423.3,1.000000
42,-1,50.9,39.2,169.8,441.8,1.000000
157,-1,292.9,1.0,277.7,480.0,1.000000
157,-1,4.4,1.9,231.8,479.1,1.000000
157,-1,577.9,201.3,19.7,40.5,0.999000
157,-1,548.7,198.4,21.3,48.1,0.706000
157,-1,522.0,173.4,25.9,83.6,0.066000
257,-1,158.1,36.0,203.9,445.0,1.000000
257,-1,22.8,178.9,57.3,106.3,1.000000
257,-1,427.3,140.1,73.7,200.1,1.000000
257,-1,86.2,133.5,58.9,177.9,0.999000
257,-1,341.4,133.5,62.1,186.3,0.987000
379,-1,43.6,78.6,125.3,312.2,1.000000
379,-1,177.6,210.4,27.8,60.5,1.000000
379,-1,282.0,156.5,60.2,160.1,1.000000
379,-1,233.3,159.0,53.2,153.5,1.000000
379,-1,460.6,193.0,32.7,92.1,0.999000
379,-1,423.3,220.1,14.0,37.6,0.983000
379,-1,414.1,221.3,13.6,37.7,0.982000
379,-1,4.4,94.5,40.4,283.7,0.077000
372,-1,398.4,2.8,232.6,478.2,1.000000
372,-1,19.6,75.2,134.2,310.0,1.000000
372,-1,231.8,159.7,69.4,159.2,1.000000
372,-1,173.7,214.9,27.8,59.0,1.000000
372,-1,195.4,157.2,59.4,159.7,0.997000
156,-1,295.1,1.0,289.4,480.0,1.000000
156,-1,3.3,1.0,236.4,480.0,1.000000
156,-1,578.2,201.6,19.3,40.1,0.999000
156,-1,549.2,195.2,22.5,52.6,0.984000
156,-1,525.2,178.5,21.7,77.4,0.201000
201,-1,300.7,9.1,216.8,471.9,1.000000
201,-1,1.0,2.2,228.7,478.8,1.000000
201,-1,528.6,185.8,28.9,79.8,1.000000
390,-1,518.1,130.7,85.9,241.9,1.000000
390,-1,102.1,215.5,27.4,63.0,1.000000
390,-1,220.7,167.9,58.3,150.4,0.999000
390,-1,271.2,162.2,60.2,158.6,0.999000
390,-1,419.6,196.9,31.9,86.9,0.999000
390,-1,1.0,58.6,98.8,357.9,0.998000
390,-1,353.4,222.2,13.2,34.7,0.997000
390,-1,368.3,221.5,14.2,35.6,0.994000
390,-1,361.5,222.1,12.7,35.1,0.600000
180,-1,295.8,1.0,213.7,480.0,1.000000
180,-1,544.7,196.3,24.1,55.7,1.000000
180,-1,2.2,1.0,229.1,480.0,1.000000
180,-1,568.4,202.0,20.6,44.4,1.000000
180,-1,496.8,180.2,34.7,98.5,0.982000
180,-1,519.1,187.2,23.2,74.6,0.807000
228,-1,2.1,1.0,221.2,480.0,1.000000
228,-1,311.5,45.4,169.9,435.6,1.000000
228,-1,542.6,194.6,25.2,65.1,1.000000
228,-1,230.6,113.3,90.9,240.7,1.000000
228,-1,484.2,178.1,36.1,107.2,0.998000
228,-1,508.9,183.0,24.8,89.8,0.637000
187,-1,306.7,1.0,208.7,480.0,1.000000
187,-1,1.0,1.0,226.2,480.0,1.000000
187,-1,566.5,201.8,20.4,44.1,1.000000
187,-1,543.0,194.7,26.1,58.6,1.000000
187,-1,525.8,186.6,24.6,73.5,0.999000
152,-1,307.7,1.7,301.1,479.3,1.000000
152,-1,3.6,1.0,234.3,480.0,1.000000
197,-1,305.3,3.6,210.7,477.4,1.000000
197,-1,1.8,4.2,223.7,476.8,1.000000
197,-1,528.1,186.8,30.2,78.3,1.000000
197,-1,560.6,203.3,20.6,45.5,0.998000
360,-1,344.1,21.4,223.7,459.6,1.000000
360,-1,116.4,164.5,79.8,161.0,1.000000
360,-1,185.2,158.8,57.2,170.6,0.999000
360,-1,3.0,76.0,92.9,320.5,0.999000
360,-1,522.7,75.6,118.3,365.1,0.197000
291,-1,1.0,40.4,183.0,440.6,1.000000
291,-1,446.7,24.0,183.5,457.0,1.000000
291,-1,209.7,84.4,104.6,353.6,1.000000
291,-1,296.9,160.1,66.1,182.0,0.992000
125,-1,306.9,3.3,281.7,477.7,1.000000
125,-1,1.0,1.0,251.6,480.0,1.000000
125,-1,585.1,207.7,19.0,33.1,0.539000
298,-1,46.2,46.0,200.0,435.0,1.000000
298,-1,230.7,25.3,155.9,455.7,1.000000
298,-1,466.9,1.0,174.1,480.0,1.000000
298,-1,397.1,163.7,91.1,178.9,0.998000
298,-1,3.6,118.8,51.3,217.2,0.195000
202,-1,297.6,1.0,219.8,480.0,1.000000
202,-1,1.0,3.5,231.1,477.5,1.000000
202,-1,527.7,186.0,29.3,79.3,1.000000
202,-1,550.4,194.3,21.7,55.7,0.058000
37,-1,72.6,59.8,146.0,421.2,1.000000
37,-1,276.5,73.9,162.0,398.8,1.000000
37,-1,509.6,203.6,18.7,43.9,1.000000
37,-1,452.6,186.7,30.4,86.0,1.000000
37,-1,425.4,179.8,27.4,87.0,0.994000
48,-1,23.5,12.4,202.5,468.6,1.000000
48,-1,285.8,28.8,237.7,452.2,1.000000
316,-1,110.7,56.3,190.1,424.7,1.000000
316,-1,20.7,139.6,67.7,188.0,1.000000
316,-1,377.2,188.0,76.5,149.7,1.000000
316,-1,318.4,145.7,69.1,197.2,1.000000
316,-1,488.5,57.3,152.5,423.7,1.000000
316,-1,419.4,154.0,58.0,168.4,0.097000
366,-1,356.0,9.2,208.7,471.8,1.000000
366,-1,2.5,80.3,93.7,310.1,1.000000
366,-1,128.4,157.7,78.9,158.0,0.999000
366,-1,186.4,155.5,57.4,163.9,0.999000
403,-1,197.2,165.1,57.7,153.1,1.000000
403,-1,2.3,211.1,25.2,73.4,1.000000
403,-1,242.4,163.7,59.3,153.2,1.000000
403,-1,305.0,220.1,14.7,37.6,0.999000
403,-1,362.0,198.6,29.5,82.6,0.999000
403,-1,314.1,220.0,12.5,36.0,0.125000
209,-1,285.9,1.0,231.1,480.0,1.000000
209,-1,1.0,1.0,211.8,480.0,1.000000
209,-1,521.4,182.9,30.7,87.0,0.999000
209,-1,545.8,190.7,23.8,60.6,0.157000
78,-1,309.8,2.5,285.9,478.5,1.000000
78,-1,2.6,1.0,235.0,480.0,1.000000
276,-1,43.0,1.0,215.7,480.0,1.000000
276,-1,382.9,1.0,257.1,480.0,1.000000
276,-1,290.4,103.0,76.2,208.1,1.000000
276,-1,268.2,131.8,38.5,135.4,0.248000
105,-1,316.7,8.2,264.5,472.8,1.000000
105,-1,2.4,2.6,226.3,478.4,1.000000
252,-1,117.0,7.1,202.9,473.9,1.000000
252,-1,68.1,174.8,55.1,100.3,1.000000
252,-1,326.9,129.9,68.6,187.0,1.000000
252,-1,417.4,172.7,41.1,120.7,1.000000
252,-1,399.9,177.3,30.7,99.3,0.456000
252,-1,467.0,150.7,49.0,190.8,0.084000
305,-1,62.0,1.0,214.2,480.0,1.000000
305,-1,2.6,126.0,84.6,212.7,1.000000
305,-1,460.9,162.5,68.2,175.3,0.999000
305,-1,340.6,187.4,51.4,128.6,0.999000
305,-1,293.7,160.5,65.1,159.3,0.999000
305,-1,382.9,162.5,50.7,145.8,0.996000
305,-1,444.4,205.5,21.6,64.9,0.927000
305,-1,528.5,108.7,94.7,280.7,0.397000
114,-1,311.6,1.0,283.2,480.0,1.000000
114,-1,1.0,1.0,227.5,480.0,1.000000
242,-1,47.8,8.8,231.0,472.2,1.000000
242,-1,308.5,121.5,72.9,198.4,1.000000
242,-1,390.0,179.5,32.4,84.4,1.000000
242,-1,426.2,84.2,141.7,384.7,1.000000
359,-1,338.4,12.3,223.2,468.7,1.000000
359,-1,115.2,155.4,73.1,164.8,0.999000
359,-1,174.9,155.4,65.9,165.4,0.999000
359,-1,1.0,83.7,102.3,306.6,0.999000
115,-1,308.6,1.0,288.9,480.0,1.000000
115,-1,1.0,1.0,229.7,480.0,1.000000
147,-1,1.0,1.0,227.8,480.0,1.000000
147,-1,309.2,2.2,293.7,478.8,1.000000
130,-1,309.6,1.0,275.8,480.0,1.000000
130,-1,587.4,203.6,19.9,36.8,1.000000
130,-1,6.0,1.0,241.6,480.0,0.999000
198,-1,303.0,1.0,213.8,480.0,1.000000
198,-1,528.2,187.1,30.2,79.0,1.000000
198,-1,1.0,1.0,228.5,480.0,1.000000
198,-1,560.5,203.8,20.3,44.4,0.971000
388,-1,118.8,212.4,29.0,64.0,1.000000
388,-1,278.1,152.4,60.1,168.9,1.000000
388,-1,520.2,140.7,79.1,221.7,1.000000
388,-1,1.4,56.7,109.6,360.5,0.999000
388,-1,231.1,162.3,55.2,152.0,0.999000
388,-1,431.3,195.6,32.7,86.6,0.999000
388,-1,381.7,220.7,14.8,35.6,0.995000
388,-1,368.1,221.5,13.3,35.6,0.993000
371,-1,389.6,3.2,223.6,477.8,1.000000
371,-1,10.3,77.6,139.7,314.9,1.000000
371,-1,219.7,159.8,72.2,159.1,1.000000
371,-1,186.5,155.4,51.0,163.6,0.999000
371,-1,172.6,204.6,28.7,73.5,0.753000
16,-1,85.4,130.1,92.5,247.3,1.000000
16,-1,206.6,137.4,105.2,226.6,1.000000
16,-1,327.3,196.0,28.2,72.2,1.000000
16,-1,352.2,199.4,28.0,71.2,0.998000
16,-1,304.8,195.8,21.9,73.6,0.995000
16,-1,186.8,193.2,24.8,74.8,0.989000
364,-1,357.6,21.2,208.9,459.8,1.000000
364,-1,2.5,83.8,90.8,321.8,1.000000
364,-1,183.6,164.5,66.5,165.6,1.000000
364,-1,81.9,178.7,64.6,145.6,0.999000
364,-1,140.6,161.4,62.3,164.5,0.996000
364,-1,546.0,12.2,95.0,455.4,0.178000
87,-1,305.2,4.8,282.1,476.2,1.000000
87,-1,2.8,1.0,233.9,480.0,1.000000
87,-1,617.1,193.0,23.9,58.4,0.968000
184,-1,300.4,4.3,212.0,476.7,1.000000
184,-1,3.6,1.0,225.7,480.0,1.000000
184,-1,567.5,201.1,20.7,45.4,1.000000
184,-1,545.1,196.4,24.5,54.6,1.000000
184,-1,522.7,185.8,25.3,75.8,0.999000
25,-1,224.0,114.7,118.5,288.1,1.000000
25,-1,65.0,106.0,116.2,304.0,1.000000
327,-1,209.8,24.4,200.5,456.6,1.000000
327,-1,97.5,83.3,100.1,260.5,1.000000
327,-1,421.7,92.5,99.5,254.3,1.000000
327,-1,559.3,145.2,67.7,190.4,0.999000
327,-1,3.1,122.7,29.7,180.5,0.555000
327,-1,517.8,133.5,70.3,180.0,0.228000
327,-1,68.3,123.0,62.7,181.6,0.059000
52,-1,291.7,22.6,253.4,458.4,1.000000
52,-1,10.6,1.0,217.5,480.0,1.000000
124,-1,308.3,7.0,280.8,474.0,1.000000
124,-1,1.0,1.0,246.7,480.0,1.000000
399,-1,373.2,197.1,33.2,87.4,1.000000
399,-1,249.2,167.8,58.0,153.1,1.000000
399,-1,24.8,215.7,28.9,68.5,1.000000
399,-1,202.3,169.2,55.4,150.2,1.000000
399,-1,323.3,222.1,13.9,36.0,0.999000
399,-1,522.1,35.1,118.9,445.9,0.998000
399,-1,303.1,221.4,14.7,36.3,0.993000
238,-1,13.0,4.9,240.6,476.1,1.000000
238,-1,293.6,119.1,74.5,209.7,1.000000
238,-1,376.2,88.5,154.2,392.5,1.000000
238,-1,588.1,191.2,32.7,75.7,0.998000
168,-1,294.9,8.7,216.1,472.3,1.000000
168,-1,545.5,195.6,24.0,55.8,1.000000
168,-1,2.6,1.0,222.5,480.0,1.000000
168,-1,573.9,200.9,20.2,40.9,1.000000
168,-1,498.2,180.7,35.4,95.8,0.992000
23,-1,72.8,107.6,102.4,294.0,1.000000
23,-1,220.8,120.7,112.6,268.7,1.000000
23,-1,203.3,191.2,27.7,77.8,0.862000
23,-1,47.4,188.6,35.3,78.9,0.133000
2,-1,19.3,148.5,77.1,195.2,1.000000
2,-1,116.4,153.2,89.8,178.1,1.000000
2,-1,311.6,213.8,13.6,32.7,1.000000
345,-1,279.4,2.3,212.9,478.7,1.000000
345,-1,208.8,167.6,49.4,96.6,1.000000
345,-1,186.8,196.6,22.5,51.0,1.000000
345,-1,45.2,113.8,82.0,182.0,0.999000
345,-1,1.9,120.0,72.1,175.5,0.999000
345,-1,562.2,56.4,78.8,333.7,0.842000
354,-1,339.5,1.0,214.4,480.0,1.000000
354,-1,79.5,125.0,78.4,169.8,1.000000
354,-1,527.5,37.6,113.5,389.4,0.999000
354,-1,141.2,128.9,78.8,167.1,0.999000
354,-1,184.8,162.8,51.2,118.5,0.132000
279,-1,4.5,22.1,216.4,458.9,1.000000
279,-1,358.6,3.6,254.3,477.4,1.000000
279,-1,248.6,125.8,82.3,230.2,1.000000
279,-1,307.7,151.5,47.1,146.7,0.078000
58,-1,302.2,11.0,268.1,470.0,1.000000
58,-1,5.9,1.0,223.9,480.0,1.000000
204,-1,294.6,1.9,224.8,479.1,1.000000
204,-1,3.0,1.0,221.1,480.0,1.000000
204,-1,527.6,186.9,28.2,81.5,1.000000
204,-1,549.3,199.4,23.0,52.9,0.090000
258,-1,150.8,28.2,206.4,452.8,1.000000
258,-1,410.8,130.9,77.8,213.9,1.000000
258,-1,56.6,131.1,71.7,183.0,1.000000
258,-1,338.4,131.6,65.4,183.8,0.995000
258,-1,7.1,162.0,59.3,125.9,0.574000
303,-1,124.5,1.0,212.8,480.0,1.000000
303,-1,449.9,163.6,63.4,174.9,1.000000
303,-1,371.4,160.5,56.7,150.1,1.000000
303,-1,48.3,100.1,94.0,304.2,0.258000
303,-1,529.3,1.0,111.7,480.0,0.148000
241,-1,44.6,12.2,230.3,468.8,1.000000
241,-1,411.4,76.9,144.1,398.0,1.000000
241,-1,309.8,122.4,69.0,199.5,1.000000
234,-1,3.9,1.1,222.8,479.9,1.000000
234,-1,266.2,122.5,80.2,222.7,1.000000
234,-1,566.2,198.5,25.6,64.0,1.000000
234,-1,337.6,66.6,146.4,414.4,1.000000
234,-1,515.1,183.7,38.6,101.4,0.997000
234,-1,553.2,199.4,17.1,55.9,0.058000
401,-1,8.6,212.8,29.8,70.9,1.000000
401,-1,247.0,161.8,54.9,159.4,1.000000
401,-1,201.7,166.0,50.5,150.9,1.000000
401,-1,311.7,221.4,14.2,36.3,0.999000
401,-1,365.7,199.0,29.4,84.6,0.999000
401,-1,555.7,19.9,85.3,461.1,0.662000
401,-1,297.7,220.7,12.2,37.1,0.167000
311,-1,493.0,104.8,143.9,319.3,1.000000
311,-1,126.9,50.1,163.1,430.9,1.000000
311,-1,303.1,153.1,75.5,175.8,0.999000
311,-1,44.0,62.2,107.0,388.3,0.998000
311,-1,359.7,186.2,61.0,137.9,0.992000
311,-1,388.3,158.2,69.6,161.7,0.990000
311,-1,456.9,178.6,44.6,117.4,0.989000
264,-1,91.3,5.8,208.5,475.2,1.000000
264,-1,307.3,118.0,96.5,262.8,1.000000
264,-1,378.4,148.9,53.0,183.1,0.996000
264,-1,446.2,13.1,194.8,467.9,0.960000
151,-1,3.0,1.0,232.6,480.0,1.000000
151,-1,301.9,1.7,306.8,479.3,1.000000
289,-1,409.8,41.1,138.8,439.9,1.000000
289,-1,1.0,38.8,161.7,442.2,1.000000
289,-1,184.5,96.9,94.7,328.5,1.000000
289,-1,259.3,156.8,59.3,183.8,0.990000
289,-1,136.6,158.5,46.4,181.0,0.105000
164,-1,293.7,5.6,220.9,475.4,1.000000
164,-1,545.8,196.6,24.0,53.5,1.000000
164,-1,1.0,1.0,231.7,480.0,1.000000
164,-1,575.2,201.4,19.9,41.3,1.000000
164,-1,495.3,178.8,37.9,100.2,0.991000
164,-1,520.3,187.3,20.2,72.4,0.367000
407,-1,245.5,160.8,57.8,146.1,1.000000
407,-1,353.4,191.0,33.1,84.2,1.000000
407,-1,194.1,162.1,56.9,146.6,1.000000
139,-1,2.7,1.0,229.9,480.0,1.000000
139,-1,309.0,2.2,270.5,478.8,1.000000
139,-1,585.1,204.2,18.8,38.2,1.000000
336,-1,224.7,12.6,199.9,468.4,1.000000
336,-1,461.8,71.1,108.4,293.0,1.000000
336,-1,23.2,113.5,68.3,190.5,0.999000
336,-1,561.8,100.3,79.2,226.7,0.997000
336,-1,210.7,193.5,21.6,49.6,0.991000
336,-1,116.6,184.7,30.1,57.9,0.969000
51,-1,284.9,19.8,252.9,461.2,1.000000
51,-1,12.8,1.1,214.7,479.9,1.000000
292,-1,218.5,81.1,112.4,372.7,1.000000
292,-1,5.6,47.7,186.4,433.3,1.000000
292,-1,476.7,18.3,164.3,462.7,1.000000
292,-1,315.2,165.8,65.4,178.7,0.996000
79,-1,312.2,1.0,285.0,480.0,1.000000
79,-1,2.7,1.0,234.3,480.0,1.000000
169,-1,296.2,4.2,214.4,476.8,1.000000
169,-1,546.2,195.9,23.5,55.0,1.000000
169,-1,1.0,1.1,227.1,479.9,1.000000
169,-1,574.2,200.9,19.6,41.2,1.000000
169,-1,497.4,180.4,36.0,97.1,0.994000
113,-1,299.4,5.9,307.1,475.1,1.000000
113,-1,3.3,2.8,225.5,478.2,1.000000
191,-1,303.5,1.3,215.4,479.7,1.000000
191,-1,1.3,1.0,229.6,480.0,1.000000
191,-1,527.8,187.8,27.2,72.4,1.000000
191,-1,564.5,202.3,20.2,45.6,1.000000
191,-1,542.4,195.2,24.1,57.1,0.397000
120,-1,302.2,3.7,284.8,477.3,1.000000
120,-1,1.0,1.0,233.4,480.0,1.000000
373,-1,405.9,1.0,235.1,480.0,1.000000
373,-1,178.2,217.9,27.7,56.8,1.000000
373,-1,202.9,159.1,59.2,159.4,1.000000
373,-1,28.9,80.2,130.8,308.6,1.000000
373,-1,250.7,152.6,57.8,164.7,1.000000
20,-1,79.6,115.1,98.1,267.6,1.000000
20,-1,208.8,126.1,117.6,245.3,1.000000
20,-1,43.0,187.2,30.4,71.9,0.998000
20,-1,192.8,188.4,28.8,72.5,0.817000
110,-1,2.4,1.0,227.8,480.0,1.000000
110,-1,318.5,1.0,280.4,480.0,1.000000
15,-1,82.8,133.8,90.2,243.5,1.000000
15,-1,200.9,140.4,103.7,222.8,1.000000
15,-1,322.5,197.6,25.9,72.7,0.999000
15,-1,297.6,201.9,25.7,70.4,0.999000
15,-1,343.9,200.4,28.6,73.0,0.999000
15,-1,179.4,197.2,28.5,70.9,0.992000
15,-1,1.0,159.1,33.5,77.6,0.069000
90,-1,310.0,4.1,278.4,476.9,1.000000
90,-1,3.2,1.7,233.2,479.3,1.000000
290,-1,1.0,50.8,170.8,430.2,1.000000
290,-1,426.7,39.6,169.9,441.4,1.000000
290,-1,198.2,97.4,100.9,340.1,1.000000
290,-1,283.9,158.2,59.6,181.7,0.940000
290,-1,148.6,160.5,51.1,180.0,0.151000
314,-1,106.5,55.9,179.9,425.1,1.000000
314,-1,478.1,77.3,154.9,377.9,1.000000
314,-1,300.6,150.4,75.4,186.8,0.999000
314,-1,363.7,183.4,56.9,146.8,0.999000
314,-1,13.7,128.7,92.7,212.7,0.999000
314,-1,393.2,155.4,67.9,165.0,0.998000
314,-1,439.4,173.9,41.1,123.8,0.636000
104,-1,312.8,3.1,269.2,477.9,1.000000
104,-1,3.7,1.0,229.7,480.0,1.000000
118,-1,303.5,7.2,285.0,473.8,1.000000
118,-1,1.0,1.0,232.3,480.0,1.000000
69,-1,311.1,1.0,288.0,480.0,1.000000
69,-1,3.1,1.0,232.5,480.0,1.000000
69,-1,580.7,202.0,19.7,46.6,0.112000
229,-1,1.0,2.5,227.8,478.5,1.000000
229,-1,241.0,108.2,86.2,235.9,1.000000
229,-1,544.2,194.5,26.2,66.4,1.000000
229,-1,316.4,58.4,157.8,422.6,1.000000
229,-1,485.0,180.6,37.6,106.2,0.998000
296,-1,35.8,44.1,188.2,436.9,1.000000
296,-1,241.9,47.5,136.6,433.5,1.000000
296,-1,370.9,163.2,74.6,182.8,0.998000
296,-1,457.2,11.8,151.1,464.3,0.998000
296,-1,221.6,185.8,35.6,124.5,0.173000
367,-1,360.5,4.0,212.6,477.0,1.000000
367,-1,1.9,71.5,109.5,311.3,1.000000
367,-1,196.7,145.2,61.6,167.3,1.000000
367,-1,134.8,149.8,75.5,156.4,0.999000
21,-1,74.8,112.9,100.5,274.9,1.000000
21,-1,211.5,126.3,117.7,254.2,1.000000
21,-1,43.8,188.5,28.3,70.9,0.999000
21,-1,194.0,186.0,30.6,74.8,0.113000
384,-1,147.4,214.9,29.0,61.9,1.000000
384,-1,508.9,154.9,83.5,188.5,1.000000
384,-1,10.0,72.6,120.7,344.3,1.000000
384,-1,447.9,198.0,33.1,87.5,1.000000
384,-1,235.7,167.1,52.5,150.7,1.000000
384,-1,281.8,161.9,66.0,160.2,1.000000
384,-1,390.3,221.3,14.3,38.1,0.998000
384,-1,403.8,222.2,13.1,36.1,0.956000
384,-1,382.5,221.7,13.4,34.1,0.130000
217,-1,284.5,1.0,222.5,480.0,1.000000
217,-1,515.6,180.9,28.7,90.8,0.999000
217,-1,3.0,1.0,181.7,480.0,0.999000
217,-1,166.9,62.7,126.2,340.0,0.999000
217,-1,533.1,188.8,26.2,67.7,0.475000
28,-1,60.1,93.9,123.9,332.4,1.000000
28,-1,231.5,104.6,125.9,305.5,1.000000
210,-1,282.5,1.0,234.2,480.0,1.000000
210,-1,1.0,1.0,207.7,480.0,1.000000
210,-1,520.5,184.3,30.0,86.6,0.999000
210,-1,544.6,194.0,23.3,56.9,0.069000
275,-1,33.5,1.0,228.2,480.0,1.000000
275,-1,381.8,1.0,252.9,480.0,1.000000
275,-1,297.7,75.0,69.4,205.0,1.000000
275,-1,262.6,107.1,45.9,134.2,0.990000
383,-1,156.9,215.9,29.1,62.8,1.000000
383,-1,507.2,162.5,82.1,186.1,1.000000
383,-1,22.5,76.8,124.4,337.3,1.000000
383,-1,285.8,165.6,63.5,158.6,1.000000
383,-1,230.7,173.1,57.1,145.8,1.000000
383,-1,450.8,200.9,35.3,90.9,0.999000
383,-1,398.8,225.5,14.8,38.2,0.996000
383,-1,412.6,225.7,13.7,36.0,0.973000
256,-1,153.1,26.7,204.8,454.3,1.000000
256,-1,33.4,177.0,55.5,104.5,1.000000
256,-1,100.5,135.7,56.1,170.6,1.000000
256,-1,429.3,141.8,78.8,194.7,0.999000
256,-1,341.5,134.0,61.7,182.3,0.995000
131,-1,303.5,1.0,281.8,480.0,1.000000
131,-1,5.6,1.0,243.9,480.0,1.000000
131,-1,586.6,204.3,20.0,36.7,1.000000
227,-1,307.9,43.5,174.2,437.5,1.000000
227,-1,1.0,2.5,221.8,478.5,1.000000
227,-1,228.9,112.2,86.5,240.5,1.000000
227,-1,541.0,197.5,25.6,61.0,0.999000
227,-1,482.8,179.7,37.9,104.7,0.996000
227,-1,505.1,183.7,27.2,90.4,0.322000
83,-1,315.4,7.3,270.0,473.7,1.000000
83,-1,2.9,1.0,235.5,480.0,1.000000
286,-1,160.5,108.5,99.7,285.2,1.000000
286,-1,3.6,30.5,142.6,450.5,1.000000
286,-1,430.5,1.0,210.5,480.0,1.000000
286,-1,358.1,75.9,118.1,366.0,0.999000
286,-1,238.5,170.9,44.7,144.5,0.166000
94,-1,312.8,11.5,268.1,469.5,1.000000
94,-1,1.3,1.7,235.8,479.3,1.000000
370,-1,382.1,7.1,220.0,473.9,1.000000
370,-1,10.7,85.1,134.0,310.8,1.000000
370,-1,220.3,160.5,70.2,159.6,1.000000
370,-1,172.7,159.4,62.2,160.2,0.999000
163,-1,296.2,1.0,219.0,480.0,1.000000
163,-1,546.4,197.6,22.9,52.4,1.000000
163,-1,4.1,1.0,224.6,480.0,1.000000
163,-1,576.9,202.8,19.0,39.0,1.000000
163,-1,494.7,179.5,37.5,99.4,0.990000
163,-1,523.3,189.2,18.7,69.6,0.694000
268,-1,55.8,1.0,236.8,480.0,1.000000
268,-1,356.9,139.4,61.1,174.2,1.000000
268,-1,428.3,11.3,212.7,469.7,0.999000
268,-1,312.2,133.5,56.3,169.0,0.865000
97,-1,312.9,1.0,270.4,480.0,1.000000
97,-1,1.0,1.0,235.2,480.0,1.000000
309,-1,129.4,52.5,162.8,428.5,1.000000
309,-1,499.7,111.1,131.7,284.9,1.000000
309,-1,309.8,155.8,82.4,170.7,1.000000
309,-1,385.6,155.8,76.5,160.8,0.999000
309,-1,35.0,134.6,61.9,184.6,0.995000
309,-1,468.1,168.4,44.0,127.0,0.963000
309,-1,10.9,59.2,77.0,411.2,0.075000
315,-1,108.4,63.2,188.8,417.8,1.000000
315,-1,5.4,146.4,84.1,186.4,1.000000
315,-1,475.1,74.7,165.9,403.4,1.000000
315,-1,397.9,160.9,75.9,170.1,1.000000
315,-1,312.2,151.3,72.6,188.5,0.999000
315,-1,370.5,189.7,61.1,144.9,0.996000
375,-1,183.1,216.6,27.4,58.5,1.000000
375,-1,39.5,84.4,127.0,304.1,1.000000
375,-1,215.4,162.1,65.1,152.6,1.000000
375,-1,267.5,156.5,59.2,159.4,0.999000
375,-1,440.5,1.0,200.5,480.0,0.998000
375,-1,415.8,224.7,12.7,35.9,0.985000
375,-1,425.4,223.8,12.5,36.5,0.891000
375,-1,408.5,225.4,12.1,32.8,0.098000
102,-1,1.1,1.0,232.5,480.0,1.000000
102,-1,312.6,9.1,274.8,471.9,1.000000
175,-1,291.2,7.4,219.7,473.6,1.000000
175,-1,4.2,1.0,225.5,480.0,1.000000
80,-1,2.7,1.0,234.1,480.0,1.000000
80,-1,310.0,1.0,281.8,480.0,1.000000
208,-1,295.2,1.4,220.1,479.6,1.000000
208,-1,1.0,1.0,217.4,480.0,1.000000
208,-1,521.6,183.1,30.2,86.8,0.999000
208,-1,544.3,191.0,23.1,61.3,0.166000
154,-1,298.2,1.0,297.5,480.0,1.000000
154,-1,1.0,2.9,236.9,478.1,1.000000
154,-1,578.4,201.5,19.5,39.8,0.999000
154,-1,548.9,190.8,23.2,56.0,0.589000
261,-1,127.4,21.9,202.5,459.1,1.000000
261,-1,361.4,128.2,97.5,235.6,1.000000
261,-1,1.0,125.9,81.6,199.2,0.999000
261,-1,325.5,142.8,65.7,185.3,0.963000
261,-1,497.0,3.9,144.0,477.1,0.856000
249,-1,315.0,121.7,69.6,193.4,1.000000
249,-1,81.8,5.9,213.4,475.1,1.000000
249,-1,412.2,169.2,38.6,115.2,0.999000
249,-1,390.4,171.6,32.6,94.9,0.999000
249,-1,473.4,71.6,105.2,372.7,0.136000
324,-1,188.6,19.4,199.0,461.6,1.000000
324,-1,396.4,103.5,91.4,241.0,1.000000
324,-1,68.6,121.7,78.2,180.8,1.000000
324,-1,493.0,154.7,99.5,181.8,1.000000
324,-1,140.8,97.5,83.6,226.2,0.667000
324,-1,471.5,159.7,38.8,126.5,0.184000
324,-1,3.6,165.8,35.7,124.0,0.058000
343,-1,257.7,11.4,210.9,469.6,1.000000
343,-1,185.9,196.6,21.5,51.7,1.000000
343,-1,39.4,113.5,76.0,183.7,1.000000
343,-1,220.9,167.8,43.6,98.2,0.999000
343,-1,2.8,117.0,54.4,187.9,0.999000
343,-1,528.7,59.6,112.3,324.5,0.999000
64,-1,3.9,1.0,230.6,480.0,1.000000
64,-1,309.6,1.0,285.0,480.0,1.000000
64,-1,567.2,200.9,20.1,43.1,0.246000
85,-1,306.3,1.0,286.1,480.0,1.000000
85,-1,3.3,1.0,234.5,480.0,1.000000
85,-1,615.4,188.4,25.6,65.1,0.961000
41,-1,281.2,57.3,198.0,423.7,1.000000
41,-1,55.5,50.4,178.4,430.6,1.000000
41,-1,436.6,162.4,29.2,112.7,0.199000
92,-1,311.3,4.5,277.7,476.5,1.000000
92,-1,2.0,1.0,237.0,480.0,1.000000
196,-1,304.8,1.0,210.9,480.0,1.000000
196,-1,526.8,186.8,30.0,78.1,1.000000
196,-1,2.7,1.0,223.6,480.0,1.000000
196,-1,561.5,203.0,20.7,44.8,1.000000
346,-1,293.0,4.2,210.1,476.8,1.000000
346,-1,207.3,174.0,50.2,99.1,1.000000
346,-1,6.8,128.2,70.9,174.9,0.999000
346,-1,60.2,122.3,77.3,179.6,0.998000
346,-1,187.4,200.1,22.2,52.7,0.996000
346,-1,537.4,117.7,90.3,254.8,0.984000
395,-1,52.3,212.4,27.9,66.6,1.000000
395,-1,384.6,192.9,35.9,87.3,1.000000
395,-1,493.2,84.8,147.8,350.3,1.000000
395,-1,257.1,159.6,55.1,156.0,1.000000
395,-1,206.6,165.5,56.8,146.9,0.999000
395,-1,336.9,219.9,14.4,35.0,0.994000
395,-1,322.0,219.2,12.8,35.9,0.986000
402,-1,2.5,207.8,28.6,71.7,1.000000
402,-1,243.8,158.4,57.0,154.9,1.000000
402,-1,196.9,162.0,55.9,149.8,1.000000
402,-1,304.8,217.6,15.3,37.6,0.999000
402,-1,362.6,195.4,29.4,84.2,0.999000
417,-1,164.9,168.1,54.2,136.4,1.000000
417,-1,311.1,195.4,28.2,78.8,1.000000
417,-1,216.8,170.9,50.2,139.4,1.000000
44,-1,279.9,52.2,217.8,428.8,1.000000
44,-1,41.9,29.2,179.5,451.8,1.000000
88,-1,307.7,3.2,282.5,477.8,1.000000
88,-1,1.8,1.0,235.8,480.0,1.000000
222,-1,295.2,23.3,198.3,457.7,1.000000
222,-1,1.0,1.2,209.6,479.8,1.000000
222,-1,194.6,90.5,112.6,303.2,1.000000
222,-1,537.5,194.6,27.4,62.0,0.999000
222,-1,506.4,183.0,33.3,91.6,0.999000
222,-1,487.4,183.7,25.5,96.6,0.761000
230,-1,1.0,8.0,228.1,473.0,1.000000
230,-1,241.6,106.8,90.2,240.2,1.000000
230,-1,319.6,58.6,149.7,422.4,1.000000
230,-1,547.2,195.8,26.5,65.4,1.000000
230,-1,486.3,182.5,37.2,104.5,0.996000
230,-1,456.5,172.6,30.6,112.0,0.117000
61,-1,1.6,1.0,232.4,480.0,1.000000
61,-1,303.5,6.0,286.4,475.0,1.000000
77,-1,311.0,1.0,287.1,480.0,1.000000
77,-1,3.7,1.0,231.6,480.0,1.000000
348,-1,318.3,1.0,208.3,480.0,1.000000
348,-1,207.6,169.3,49.8,105.8,1.000000
348,-1,79.5,128.6,86.5,175.3,1.000000
348,-1,34.1,125.4,61.6,180.0,0.997000
348,-1,580.8,104.5,60.2,270.1,0.892000
355,-1,341.2,1.0,216.1,480.0,1.000000
355,-1,148.4,133.6,86.8,168.4,1.000000
355,-1,98.3,132.5,70.4,167.1,0.999000
355,-1,542.0,39.4,99.0,393.1,0.964000
355,-1,2.2,62.7,71.7,305.6,0.950000
101,-1,314.8,3.7,268.7,477.3,1.000000
101,-1,2.5,1.0,229.0,480.0,1.000000
174,-1,294.6,5.0,216.9,476.0,1.000000
174,-1,2.4,1.0,229.0,480.0,1.000000
81,-1,309.4,1.0,287.7,480.0,1.000000
81,-1,3.1,1.0,232.2,480.0,1.000000
381,-1,40.8,79.4,125.2,331.2,1.000000
381,-1,168.8,216.6,28.1,60.9,1.000000
381,-1,506.1,166.0,73.0,173.1,1.000000
381,-1,289.6,159.5,54.4,164.1,1.000000
381,-1,457.5,202.6,32.7,89.4,1.000000
381,-1,237.2,167.1,56.8,150.0,0.999000
381,-1,405.0,228.0,12.8,35.1,0.979000
381,-1,411.8,227.1,13.4,36.6,0.979000
381,-1,1.0,105.0,44.3,279.8,0.117000
38,-1,275.1,69.7,182.5,407.4,1.000000
38,-1,77.2,58.4,147.1,422.6,1.000000
38,-1,458.0,188.9,29.8,85.7,1.000000
38,-1,515.2,205.9,19.1,43.8,1.000000
146,-1,1.0,1.0,223.8,480.0,1.000000
146,-1,305.5,2.9,290.0,478.1,1.000000
24,-1,219.9,119.6,117.6,271.8,1.000000
24,-1,71.0,107.0,107.2,299.9,1.000000
248,-1,314.0,121.6,69.3,192.6,1.000000
248,-1,70.6,8.2,219.3,472.8,1.000000
248,-1,408.1,168.3,40.8,115.1,1.000000
248,-1,387.5,173.3,32.7,91.8,0.993000
248,-1,455.8,84.4,104.7,366.4,0.131000
320,-1,137.3,55.1,196.5,425.9,1.000000
320,-1,340.1,125.6,93.5,222.5,1.000000
320,-1,33.3,139.2,79.0,181.6,1.000000
320,-1,421.8,175.1,72.7,163.2,1.000000
320,-1,518.9,20.4,122.1,460.6,0.256000
149,-1,1.0,1.2,230.6,479.8,1.000000
149,-1,305.6,1.0,308.2,480.0,1.000000
416,-1,166.4,163.9,54.1,144.0,1.000000
416,-1,220.1,162.0,52.2,145.1,1.000000
416,-1,315.6,192.1,29.5,80.0,1.000000
86,-1,305.0,2.6,285.6,478.4,1.000000
86,-1,3.9,1.0,230.3,480.0,1.000000
86,-1,616.1,191.2,24.9,61.1,0.966000
265,-1,73.8,6.2,220.8,474.8,1.000000
265,-1,375.2,156.3,54.9,166.9,0.999000
265,-1,277.6,104.4,101.1,286.0,0.998000
265,-1,437.3,4.2,203.7,476.8,0.986000
207,-1,290.0,1.0,227.9,480.0,1.000000
207,-1,1.0,1.2,223.5,479.8,1.000000
207,-1,523.5,183.7,29.3,86.5,1.000000
207,-1,547.8,196.3,21.5,56.7,0.348000
306,-1,510.9,123.9,113.9,257.8,1.000000
306,-1,299.6,150.3,64.6,171.2,0.999000
306,-1,9.7,17.2,258.9,463.8,0.998000
306,-1,460.4,164.6,74.4,172.2,0.997000
306,-1,380.3,156.5,58.6,152.4,0.997000
306,-1,344.6,186.8,41.9,127.4,0.429000
415,-1,171.8,161.8,53.4,142.9,1.000000
415,-1,228.3,161.0,47.7,143.9,1.000000
415,-1,321.8,188.5,29.0,80.6,0.999000
188,-1,301.8,5.1,216.1,475.9,1.000000
188,-1,1.0,1.6,227.8,479.4,1.000000
188,-1,566.0,201.6,20.7,44.9,1.000000
188,-1,526.3,186.1,25.2,74.5,1.000000
188,-1,542.5,195.0,26.3,57.7,0.998000
225,-1,1.0,1.0,228.5,480.0,1.000000
225,-1,302.0,36.8,184.0,444.2,1.000000
225,-1,538.8,193.9,27.1,64.2,0.998000
225,-1,216.3,102.1,93.0,259.9,0.998000
225,-1,482.5,182.1,36.5,100.8,0.994000
225,-1,503.7,182.5,29.6,89.9,0.826000
321,-1,41.2,130.9,76.6,187.6,1.000000
321,-1,148.1,51.0,200.6,430.0,1.000000
321,-1,347.1,119.6,104.1,225.4,1.000000
321,-1,455.3,167.2,58.7,166.1,1.000000
321,-1,526.3,165.5,56.1,138.1,0.981000
233,-1,2.1,2.7,222.2,478.3,1.000000
233,-1,259.6,115.0,83.5,233.4,1.000000
233,-1,336.2,59.7,136.5,421.3,1.000000
233,-1,560.3,197.9,25.0,64.7,0.999000
233,-1,511.0,184.7,36.7,99.8,0.999000
233,-1,470.1,167.8,37.9,114.3,0.945000
233,-1,492.7,179.7,31.1,107.9,0.115000
165,-1,296.9,6.9,215.5,474.1,1.000000
165,-1,545.6,196.2,23.9,54.2,1.000000
165,-1,1.0,2.7,231.4,478.3,1.000000
165,-1,575.4,201.1,19.2,41.2,1.000000
165,-1,496.0,181.4,35.4,98.0,0.995000
73,-1,2.7,1.0,232.7,480.0,1.000000
73,-1,307.9,1.0,291.5,480.0,1.000000
73,-1,588.3,196.8,23.9,51.3,1.000000
394,-1,211.0,166.4,53.5,150.0,1.000000
394,-1,259.2,162.8,57.5,156.5,1.000000
394,-1,491.4,92.0,149.6,329.5,1.000000
394,-1,63.3,215.7,28.7,66.3,1.000000
394,-1,392.4,198.0,33.7,86.2,1.000000
394,-1,327.8,221.1,14.3,36.7,0.997000
394,-1,344.2,222.7,13.9,35.8,0.992000
394,-1,5.0,81.1,47.9,341.6,0.051000
1,-1,18.6,152.3,76.3,193.5,1.000000
1,-1,115.4,155.2,86.7,172.5,1.000000
1,-1,306.9,212.5,14.1,33.5,0.999000
7,-1,38.0,141.3,82.4,214.5,1.000000
7,-1,141.7,146.1,92.9,197.6,1.000000
7,-1,254.8,196.7,26.8,69.1,1.000000
7,-1,230.6,202.2,24.5,65.4,1.000000
7,-1,277.9,199.7,26.4,66.1,0.999000
9,-1,43.4,140.5,87.9,220.7,1.000000
9,-1,148.5,143.0,99.1,202.1,1.000000
9,-1,242.4,202.8,25.1,67.7,1.000000
9,-1,268.4,197.8,26.4,70.7,1.000000
9,-1,291.2,202.2,26.3,67.1,0.999000
9,-1,356.9,214.2,13.8,34.6,0.993000
9,-1,366.1,215.0,11.3,34.9,0.197000
10,-1,156.9,143.9,100.2,205.0,1.000000
10,-1,51.4,137.9,86.2,224.4,1.000000
10,-1,300.0,201.6,26.7,67.9,1.000000
10,-1,251.0,201.7,25.0,69.0,1.000000
10,-1,277.8,198.6,25.2,68.5,1.000000
10,-1,365.0,215.4,15.0,33.3,1.000000
10,-1,140.3,195.7,26.2,69.2,0.379000
10,-1,380.1,215.7,12.4,30.8,0.311000
18,-1,84.6,123.7,96.2,262.9,1.000000
18,-1,213.7,137.2,108.5,235.4,1.000000
18,-1,45.3,191.1,29.1,74.6,0.998000
18,-1,193.7,190.6,28.8,75.6,0.995000
18,-1,311.0,196.6,26.5,74.6,0.994000
19,-1,214.3,132.5,108.6,236.5,1.000000
19,-1,84.3,120.8,96.5,265.7,1.000000
19,-1,45.9,191.0,29.5,70.3,0.996000
19,-1,195.3,188.9,27.0,75.4,0.992000
22,-1,213.6,117.1,115.3,262.6,1.000000
22,-1,71.4,103.2,103.5,288.0,1.000000
22,-1,45.0,187.6,29.2,71.3,0.993000
22,-1,198.1,183.0,25.9,76.3,0.889000
27,-1,60.3,99.5,120.5,320.3,1.000000
27,-1,229.0,109.3,123.0,296.5,1.000000
35,-1,262.1,85.7,155.8,370.8,1.000000
35,-1,73.2,69.6,136.9,401.7,1.000000
35,-1,494.3,204.8,18.4,43.8,1.000000
35,-1,436.2,187.3,29.9,86.7,1.000000
35,-1,410.5,189.0,25.6,78.1,0.997000
35,-1,376.2,186.6,27.5,89.6,0.177000
62,-1,303.9,8.9,291.0,472.1,1.000000
62,-1,3.0,1.0,230.6,480.0,1.000000
65,-1,4.2,1.0,232.2,480.0,1.000000
65,-1,312.8,1.0,279.4,480.0,1.000000
68,-1,313.1,1.0,283.3,480.0,1.000000
68,-1,4.2,1.0,234.6,480.0,1.000000
68,-1,580.1,200.8,21.5,45.7,0.063000
71,-1,311.9,1.0,285.4,480.0,1.000000
71,-1,3.3,1.0,233.3,480.0,1.000000
71,-1,581.4,198.0,23.6,49.2,0.989000
74,-1,310.4,1.0,288.4,480.0,1.000000
74,-1,3.4,1.0,231.6,480.0,1.000000
74,-1,586.5,200.2,22.6,58.3,0.061000
76,-1,1.0,1.0,235.4,480.0,1.000000
76,-1,308.9,3.8,291.1,477.2,1.000000
93,-1,307.9,1.0,280.4,480.0,1.000000
93,-1,1.4,1.9,237.0,479.1,1.000000
96,-1,1.0,1.0,234.0,480.0,1.000000
96,-1,313.0,4.7,272.6,476.3,1.000000
106,-1,314.7,9.8,272.9,471.2,1.000000
106,-1,3.9,1.0,225.5,480.0,1.000000
111,-1,318.7,1.0,274.8,480.0,1.000000
111,-1,1.0,1.0,232.3,480.0,1.000000
127,-1,309.6,1.0,279.8,480.0,1.000000
127,-1,6.4,1.0,243.6,480.0,1.000000
127,-1,587.9,204.7,19.4,35.8,1.000000
132,-1,307.7,4.3,275.4,476.7,1.000000
132,-1,4.5,1.0,240.5,480.0,1.000000
132,-1,586.6,204.8,20.1,35.9,1.000000
133,-1,305.5,4.4,278.1,476.6,1.000000
133,-1,6.8,1.0,239.5,480.0,1.000000
133,-1,586.3,204.9,19.3,36.2,1.000000
135,-1,6.5,1.0,234.3,480.0,1.000000
135,-1,306.1,3.3,277.5,477.7,1.000000
135,-1,585.9,204.4,18.9,36.6,1.000000
137,-1,1.0,1.5,236.2,479.5,1.000000
137,-1,585.9,204.3,18.8,37.7,1.000000
137,-1,309.2,1.0,269.5,480.0,1.000000
140,-1,307.7,3.7,276.2,477.3,1.000000
140,-1,1.0,4.9,229.9,476.1,1.000000
140,-1,584.7,204.2,18.9,38.9,1.000000
142,-1,306.7,6.0,278.3,475.0,1.000000
142,-1,1.9,4.4,224.1,476.6,1.000000
142,-1,582.5,204.0,20.1,38.7,0.998000
143,-1,308.5,1.4,282.0,479.6,1.000000
143,-1,1.0,2.4,226.8,478.6,1.000000
143,-1,582.2,204.3,20.0,37.8,0.991000
150,-1,1.0,2.1,233.5,478.9,1.000000
150,-1,309.3,1.0,294.8,480.0,1.000000
155,-1,298.1,1.0,294.8,480.0,1.000000
155,-1,4.6,1.0,234.7,480.0,1.000000
155,-1,579.0,202.4,19.2,38.5,0.999000
155,-1,549.7,196.0,21.3,50.7,0.850000
158,-1,296.9,1.0,253.3,480.0,1.000000
158,-1,4.6,1.0,232.0,480.0,1.000000
158,-1,577.7,200.4,19.4,42.2,1.000000
158,-1,546.5,197.9,23.0,51.5,0.999000
158,-1,526.5,183.7,20.3,71.5,0.071000
159,-1,297.7,1.0,236.1,480.0,1.000000
159,-1,4.4,1.0,229.5,480.0,1.000000
159,-1,545.7,197.2,24.2,52.4,1.000000
159,-1,576.7,200.5,20.4,42.1,1.000000
159,-1,528.3,191.1,18.6,63.9,0.986000
162,-1,300.4,4.8,217.7,476.2,1.000000
162,-1,545.8,195.9,23.9,54.2,1.000000
162,-1,3.6,1.0,228.5,480.0,1.000000
162,-1,576.7,201.6,19.4,41.1,1.000000
162,-1,523.2,189.5,21.7,67.9,0.995000
162,-1,493.7,179.0,36.0,103.8,0.858000
167,-1,292.8,1.0,219.1,480.0,1.000000
167,-1,545.6,195.5,24.3,55.7,1.000000
167,-1,3.9,1.0,224.3,480.0,1.000000
167,-1,574.8,201.8,19.1,39.8,1.000000
167,-1,497.1,180.3,34.9,97.4,0.992000
167,-1,516.8,185.9,22.4,74.2,0.076000
173,-1,292.4,1.0,218.2,480.0,1.000000
173,-1,3.1,1.0,226.7,480.0,1.000000
176,-1,294.3,1.0,219.2,480.0,1.000000
176,-1,4.3,1.6,223.6,479.4,1.000000
178,-1,290.6,7.0,214.7,474.0,1.000000
178,-1,545.4,196.8,23.1,54.4,1.000000
178,-1,5.2,1.0,220.0,480.0,1.000000
178,-1,568.7,202.1,20.2,43.3,1.000000
178,-1,496.9,179.6,36.1,98.9,0.976000
178,-1,517.2,186.7,23.5,74.9,0.153000
183,-1,297.9,1.0,216.4,480.0,1.000000
183,-1,567.5,200.8,20.7,46.1,1.000000
183,-1,3.3,1.0,222.5,480.0,1.000000
183,-1,544.0,195.9,24.9,55.4,1.000000
183,-1,523.1,187.2,20.5,74.7,0.973000
183,-1,495.6,181.5,32.0,104.4,0.137000
185,-1,303.2,1.0,211.9,480.0,1.000000
185,-1,1.0,2.4,230.2,478.6,1.000000
185,-1,567.3,201.1,20.7,44.5,1.000000
185,-1,542.5,194.8,26.4,56.6,0.999000
185,-1,523.7,185.2,26.2,76.3,0.999000
190,-1,305.4,1.0,213.1,480.0,1.000000
190,-1,3.0,1.0,222.1,480.0,1.000000
190,-1,564.5,200.9,20.3,46.5,1.000000
190,-1,525.8,186.8,25.9,75.0,0.999000
190,-1,541.0,195.2,27.1,55.3,0.991000
193,-1,305.4,1.0,210.5,480.0,1.000000
193,-1,2.2,3.1,226.5,477.9,1.000000
193,-1,528.0,187.3,27.7,76.1,1.000000
193,-1,563.0,202.5,21.5,45.4,1.000000
193,-1,543.1,193.1,21.9,59.7,0.143000
194,-1,306.9,1.0,209.2,480.0,1.000000
194,-1,1.2,1.9,226.0,479.1,1.000000
194,-1,527.6,186.8,28.2,77.4,1.000000
194,-1,562.0,201.5,21.8,46.6,1.000000
194,-1,544.8,193.3,20.2,58.9,0.088000
195,-1,305.6,2.2,212.0,478.8,1.000000
195,-1,528.3,186.9,29.4,78.0,1.000000
195,-1,562.4,202.8,20.7,45.3,1.000000
195,-1,1.9,3.5,225.0,477.5,1.000000
199,-1,301.2,2.3,217.4,478.7,1.000000
199,-1,528.3,186.1,29.8,80.0,1.000000
199,-1,1.0,4.3,226.7,476.7,1.000000
199,-1,558.4,200.8,20.1,46.3,0.401000
200,-1,301.0,5.0,218.9,476.0,1.000000
200,-1,1.0,5.2,226.4,475.8,1.000000
200,-1,529.0,185.8,28.7,80.8,1.000000
200,-1,559.0,199.6,19.5,47.6,0.085000
203,-1,300.1,4.1,214.1,476.9,1.000000
203,-1,1.0,3.5,229.1,477.5,1.000000
203,-1,528.5,187.0,28.0,78.7,1.000000
205,-1,295.7,1.0,219.3,480.0,1.000000
205,-1,1.0,3.9,221.8,477.1,1.000000
205,-1,527.1,186.1,27.2,80.5,1.000000
205,-1,548.9,197.1,21.3,56.8,0.239000
220,-1,288.1,5.8,209.9,475.2,1.000000
220,-1,508.3,182.5,33.8,91.5,1.000000
220,-1,4.5,1.0,189.5,480.0,0.999000
220,-1,186.6,82.9,115.5,305.5,0.999000
220,-1,535.7,194.8,26.7,61.3,0.997000
220,-1,483.2,179.1,29.0,106.6,0.645000
237,-1,7.4,1.0,237.8,480.0,1.000000
237,-1,371.7,85.9,148.2,394.4,1.000000
237,-1,289.2,117.7,74.9,212.2,1.000000
237,-1,584.7,192.8,32.9,73.6,0.998000
237,-1,530.2,179.3,38.1,104.5,0.295000
246,-1,56.4,4.2,229.3,476.8,1.000000
246,-1,307.2,120.2,76.0,199.2,1.000000
246,-1,389.7,174.6,32.7,86.9,0.999000
246,-1,412.4,171.9,37.6,112.5,0.996000
246,-1,445.1,79.9,126.3,390.8,0.993000
246,-1,4.8,165.0,34.3,92.7,0.875000
251,-1,112.2,8.0,199.7,473.0,1.000000
251,-1,415.5,168.5,39.7,121.8,1.000000
251,-1,323.5,125.8,68.1,186.2,1.000000
251,-1,75.0,172.8,51.4,98.6,0.998000
251,-1,396.8,172.5,31.2,98.7,0.974000
254,-1,61.4,181.5,56.5,98.1,1.000000
254,-1,132.0,33.0,212.9,448.0,1.000000
254,-1,336.9,133.1,66.4,183.3,1.000000
254,-1,453.7,145.0,64.4,182.6,0.999000
254,-1,420.9,169.6,40.7,131.2,0.999000
255,-1,53.9,179.9,55.8,103.6,1.000000
255,-1,140.7,27.0,207.3,454.0,1.000000
255,-1,445.5,141.9,68.1,194.0,0.999000
255,-1,339.1,136.9,67.4,179.4,0.999000
255,-1,110.7,144.9,60.7,162.6,0.999000
255,-1,421.2,167.7,39.7,138.7,0.992000
260,-1,139.6,31.8,203.3,449.2,1.000000
260,-1,4.2,125.7,92.6,194.5,1.000000
260,-1,377.4,125.9,89.7,233.7,1.000000
260,-1,331.2,139.9,59.7,180.6,0.977000
260,-1,508.9,1.0,132.1,480.0,0.266000
267,-1,61.9,1.0,230.7,480.0,1.000000
267,-1,358.9,143.5,61.9,172.0,1.000000
267,-1,430.4,5.5,210.6,475.5,0.996000
267,-1,313.1,136.8,54.1,181.9,0.256000
269,-1,56.8,3.3,245.4,477.7,1.000000
269,-1,414.8,7.1,226.2,473.9,1.000000
269,-1,349.0,132.9,61.0,176.9,1.000000
269,-1,315.1,129.7,59.3,173.2,0.754000
271,-1,49.1,1.0,243.7,480.0,1.000000
271,-1,407.9,1.0,233.1,480.0,1.000000
271,-1,329.5,88.9,63.7,184.7,1.000000
282,-1,314.4,3.2,267.5,477.8,1.000000
282,-1,157.2,108.8,90.0,255.9,1.000000
282,-1,253.4,143.9,52.8,148.0,0.996000
282,-1,1.0,22.2,102.7,458.8,0.994000
283,-1,330.7,1.0,263.7,480.0,1.000000
283,-1,148.8,114.3,91.3,271.7,1.000000
283,-1,1.0,33.8,107.8,447.2,0.995000
283,-1,263.8,154.0,47.2,151.7,0.434000
285,-1,154.5,105.3,97.2,287.7,1.000000
285,-1,1.0,31.6,133.0,449.4,1.000000
285,-1,389.9,11.2,251.1,469.8,1.000000
285,-1,332.7,82.8,123.5,344.1,0.998000
285,-1,293.6,160.9,41.3,144.5,0.076000
288,-1,390.0,58.8,133.3,410.7,1.000000
288,-1,170.1,101.7,102.0,306.4,1.000000
288,-1,1.0,46.6,148.3,434.4,1.000000
288,-1,497.7,17.4,143.3,463.6,0.218000
293,-1,4.5,43.4,198.4,437.6,1.000000
293,-1,226.2,71.0,116.7,385.4,1.000000
293,-1,326.9,160.5,69.5,181.9,1.000000
293,-1,521.9,11.4,119.1,469.6,0.989000
293,-1,425.6,36.6,130.8,392.7,0.050000
308,-1,386.2,157.1,68.7,157.0,1.000000
308,-1,500.5,116.6,126.1,271.2,1.000000
308,-1,305.4,152.2,74.3,172.2,0.999000
308,-1,127.3,58.4,158.9,422.6,0.999000
308,-1,474.1,161.9,57.7,173.9,0.122000
310,-1,125.7,47.6,169.1,433.4,1.000000
310,-1,498.0,111.2,134.5,297.7,1.000000
310,-1,306.7,156.9,80.2,171.8,1.000000
310,-1,383.9,158.8,79.7,157.9,0.999000
310,-1,462.7,176.0,44.2,118.9,0.994000
310,-1,35.9,143.0,59.7,173.0,0.993000
310,-1,362.7,183.7,43.6,135.7,0.401000
317,-1,114.1,53.9,193.4,427.1,1.000000
317,-1,24.3,143.4,65.6,184.5,1.000000
317,-1,379.1,187.4,80.6,152.0,0.999000
317,-1,485.0,52.2,156.0,428.8,0.999000
317,-1,321.3,145.0,86.5,200.8,0.999000
319,-1,126.1,54.8,195.7,426.2,1.000000
319,-1,28.6,140.0,75.6,188.0,1.000000
319,-1,337.0,141.3,89.1,207.8,1.000000
319,-1,403.8,181.6,78.5,159.7,0.999000
319,-1,513.2,11.3,127.8,469.7,0.921000
323,-1,183.1,29.5,196.7,451.5,1.000000
323,-1,62.2,126.5,77.4,178.5,1.000000
323,-1,480.8,157.6,94.7,181.9,1.000000
323,-1,380.8,109.3,98.0,235.8,1.000000
323,-1,148.7,109.1,81.2,217.7,0.110000
326,-1,202.0,21.5,202.0,459.5,1.000000
326,-1,533.5,144.7,83.0,195.2,1.000000
326,-1,112.1,88.7,95.3,245.4,1.000000
326,-1,418.1,93.1,90.2,251.1,1.000000
326,-1,2.9,127.9,32.7,172.4,0.998000
326,-1,72.3,119.5,68.4,181.5,0.333000
328,-1,209.6,36.7,204.2,444.3,1.000000
328,-1,82.1,75.7,103.0,279.7,1.000000
328,-1,425.2,89.9,104.2,258.9,1.000000
328,-1,564.3,135.4,76.7,207.0,0.999000
328,-1,4.1,132.6,31.1,155.9,0.169000
329,-1,221.5,20.0,200.4,461.0,1.000000
329,-1,70.4,69.2,98.2,292.6,1.000000
329,-1,429.1,90.4,104.3,262.4,1.000000
329,-1,564.7,143.1,76.3,198.6,0.999000
329,-1,1.0,115.0,48.1,162.7,0.461000
332,-1,229.7,11.0,200.7,470.0,1.000000
332,-1,444.8,87.7,99.4,267.6,1.000000
332,-1,5.2,39.0,109.6,345.4,1.000000
332,-1,168.8,191.2,28.4,51.8,0.992000
332,-1,564.6,103.8,76.4,237.2,0.956000
333,-1,228.6,26.2,200.5,454.8,1.000000
333,-1,452.0,85.2,95.9,269.9,1.000000
333,-1,4.0,24.4,98.7,372.1,0.999000
333,-1,561.3,103.2,79.7,231.4,0.993000
333,-1,155.0,190.2,30.0,52.1,0.220000
334,-1,229.2,16.3,203.4,464.7,1.000000
334,-1,456.8,79.3,100.0,282.7,1.000000
334,-1,558.4,103.1,82.6,222.1,0.998000
334,-1,8.4,45.4,68.4,338.3,0.638000
334,-1,138.3,191.6,25.1,52.1,0.147000
337,-1,224.4,6.1,200.4,474.9,1.000000
337,-1,464.8,68.4,115.0,290.8,1.000000
337,-1,22.1,107.9,70.1,185.0,1.000000
337,-1,202.8,188.3,23.1,50.3,0.999000
337,-1,102.4,179.9,32.2,56.8,0.997000
337,-1,574.8,94.9,66.2,222.2,0.990000
338,-1,233.5,30.4,197.4,450.6,1.000000
338,-1,472.4,66.4,121.1,297.0,1.000000
338,-1,198.2,193.4,22.3,49.8,1.000000
338,-1,25.5,110.7,72.1,188.1,1.000000
338,-1,93.4,181.5,24.8,61.5,0.552000
338,-1,587.3,93.3,53.7,234.5,0.480000
340,-1,234.0,2.7,201.1,478.3,1.000000
340,-1,188.9,193.8,21.8,48.7,1.000000
340,-1,485.1,64.2,119.3,302.5,1.000000
340,-1,29.6,110.8,75.3,185.9,1.000000
351,-1,199.0,169.4,48.8,106.1,1.000000
351,-1,324.6,1.0,218.2,480.0,1.000000
351,-1,108.2,128.1,77.3,170.3,0.999000
351,-1,56.4,126.0,72.4,171.0,0.999000
353,-1,334.1,1.0,213.3,480.0,1.000000
353,-1,191.9,161.2,48.4,113.7,1.000000
353,-1,70.3,127.7,77.2,160.2,0.999000
353,-1,135.2,121.1,70.0,173.4,0.998000
353,-1,519.7,47.1,113.4,368.0,0.997000
361,-1,344.2,12.3,221.6,468.7,1.000000
361,-1,114.7,159.7,79.4,163.3,1.000000
361,-1,1.1,76.3,91.0,322.1,0.999000
361,-1,187.2,158.2,55.4,167.6,0.998000
361,-1,535.9,17.3,105.1,437.9,0.984000
365,-1,356.6,11.6,208.6,469.4,1.000000
365,-1,3.9,88.0,91.6,315.0,1.000000
365,-1,186.8,166.1,61.3,168.7,1.000000
365,-1,140.2,166.7,62.7,158.2,0.998000
365,-1,550.6,10.3,90.4,470.7,0.192000
368,-1,373.9,5.6,210.6,475.4,1.000000
368,-1,1.0,70.0,121.3,325.4,1.000000
368,-1,137.1,148.6,88.3,160.3,1.000000
368,-1,209.2,148.9,64.1,166.2,1.000000
376,-1,182.4,214.4,27.6,58.6,1.000000
376,-1,34.2,81.8,135.5,310.2,1.000000
376,-1,219.3,162.7,66.1,151.8,1.000000
376,-1,269.8,156.8,60.2,163.0,0.998000
376,-1,415.3,222.7,14.3,37.6,0.997000
376,-1,459.6,1.0,181.4,480.0,0.987000
376,-1,431.3,221.4,12.8,37.6,0.888000
377,-1,181.7,213.6,28.7,59.8,1.000000
377,-1,40.0,81.2,131.6,309.7,1.000000
377,-1,225.1,162.2,61.3,150.0,1.000000
377,-1,274.6,158.6,60.1,158.6,1.000000
377,-1,415.5,223.8,12.9,36.9,0.994000
377,-1,458.6,191.4,33.6,96.4,0.970000
377,-1,495.0,5.3,146.0,475.7,0.846000
377,-1,431.6,221.0,10.7,38.3,0.451000
380,-1,45.2,78.8,120.9,321.7,1.000000
380,-1,174.2,215.4,27.2,60.1,1.000000
380,-1,287.7,159.3,54.5,157.8,1.000000
380,-1,233.4,160.4,54.8,155.1,1.000000
380,-1,458.6,196.8,33.1,90.8,1.000000
380,-1,409.9,223.9,13.9,37.1,0.989000
380,-1,420.8,222.8,14.0,37.8,0.959000
380,-1,512.8,162.4,70.6,177.3,0.838000
380,-1,2.0,95.3,45.9,286.5,0.279000
387,-1,125.2,208.6,30.1,66.4,1.000000
387,-1,519.0,140.9,78.6,218.0,1.000000
387,-1,1.1,51.8,117.3,370.2,1.000000
387,-1,283.4,155.2,59.0,162.4,1.000000
387,-1,231.1,159.7,55.3,155.9,1.000000
387,-1,434.4,190.6,32.9,90.4,1.000000
387,-1,385.2,219.3,14.1,37.4,0.983000
387,-1,375.0,219.5,13.2,36.8,0.972000
392,-1,494.0,112.9,134.1,279.8,1.000000
392,-1,76.6,211.6,28.0,64.8,1.000000
392,-1,261.9,165.0,57.3,153.6,1.000000
392,-1,403.4,193.8,31.1,86.7,1.000000
392,-1,213.1,163.6,55.8,150.0,1.000000
392,-1,337.7,217.9,13.7,36.6,0.988000
392,-1,348.7,218.4,13.5,35.2,0.965000
392,-1,331.1,217.8,12.6,36.1,0.316000
396,-1,379.5,196.2,36.3,87.2,1.000000
396,-1,491.9,84.2,149.1,365.3,1.000000
396,-1,44.7,213.3,26.8,66.6,1.000000
396,-1,253.2,161.7,56.2,157.8,1.000000
396,-1,203.6,168.0,58.6,150.4,0.999000
396,-1,330.3,220.5,15.1,37.0,0.998000
396,-1,314.9,220.3,13.0,37.1,0.988000
396,-1,322.1,220.8,12.7,36.4,0.863000
398,-1,373.3,198.9,35.4,88.5,1.000000
398,-1,31.2,216.7,27.1,68.1,1.000000
398,-1,510.8,52.1,130.2,428.9,1.000000
398,-1,248.7,169.4,59.3,155.1,0.999000
398,-1,202.2,171.5,56.9,149.4,0.999000
398,-1,325.4,224.4,13.3,36.2,0.998000
398,-1,306.3,223.9,14.0,38.4,0.996000
404,-1,358.5,196.1,31.1,83.5,1.000000
404,-1,196.2,168.2,60.2,149.9,1.000000
404,-1,241.6,167.9,59.5,148.2,0.999000
404,-1,302.6,218.4,15.2,38.8,0.999000
404,-1,1.0,208.7,21.1,75.8,0.998000
404,-1,313.8,219.5,11.7,35.2,0.106000
411,-1,343.5,185.5,30.9,83.8,1.000000
411,-1,186.8,159.5,51.6,145.1,1.000000
411,-1,240.7,162.6,54.2,144.6,1.000000
418,-1,160.8,165.7,53.4,139.1,1.000000
418,-1,303.9,194.4,29.9,77.1,1.000000
418,-1,211.5,166.0,50.9,136.4,1.000000
418,-1,531.5,26.3,109.5,428.7,0.867000
