170,-1,1001.4,18.3,400.0,1062.7,1.000000
170,-1,1504.5,382.6,143.7,295.3,1.000000
170,-1,601.7,154.7,390.4,926.3,1.000000
170,-1,468.4,310.3,190.4,571.4,0.999000
170,-1,1376.3,448.0,92.0,234.1,0.998000
126,-1,1434.9,146.8,289.2,817.2,1.000000
126,-1,1137.8,271.8,293.0,694.4,1.000000
126,-1,332.3,434.7,109.2,301.4,1.000000
126,-1,451.4,409.6,117.5,317.1,1.000000
239,-1,1517.9,534.1,100.7,180.2,1.000000
239,-1,914.7,309.6,262.8,547.8,1.000000
239,-1,1276.6,354.8,163.3,398.9,1.000000
239,-1,1730.2,421.7,83.2,220.6,1.000000
239,-1,553.4,311.9,238.3,610.0,1.000000
239,-1,1169.4,420.3,113.3,312.5,1.000000
239,-1,737.3,318.0,199.4,495.7,0.264000
146,-1,929.2,230.4,353.4,819.8,1.000000
146,-1,443.1,394.7,136.7,351.2,1.000000
146,-1,1254.4,123.9,325.1,913.6,1.000000
146,-1,24.3,272.3,232.3,674.1,1.000000
146,-1,319.2,423.1,121.6,332.9,0.999000
95,-1,987.4,318.5,228.1,450.7,1.000000
95,-1,1373.4,319.9,239.5,548.6,1.000000
95,-1,1628.6,240.3,243.7,639.0,1.000000
95,-1,463.0,423.1,109.9,297.1,1.000000
95,-1,313.7,456.2,104.4,258.8,1.000000
227,-1,752.6,279.7,256.5,595.5,1.000000
227,-1,1492.1,425.2,113.1,272.5,1.000000
227,-1,300.9,296.1,298.8,681.5,1.000000
227,-1,1469.1,534.8,74.2,175.9,1.000000
227,-1,1707.7,397.6,109.5,249.5,1.000000
227,-1,1186.6,341.1,153.3,426.0,1.000000
227,-1,1066.2,409.8,143.2,353.1,1.000000
227,-1,1650.1,420.3,99.2,230.2,0.999000
227,-1,586.6,300.1,207.9,561.2,0.996000
206,-1,1645.9,397.2,118.4,250.9,1.000000
206,-1,1410.0,536.4,69.5,161.7,1.000000
206,-1,974.2,337.3,201.2,471.8,1.000000
206,-1,1526.3,425.1,98.9,230.8,1.000000
206,-1,1429.1,431.8,102.2,261.4,1.000000
206,-1,217.5,1.0,636.4,1080.0,1.000000
206,-1,855.4,391.3,154.2,395.9,0.081000
16,-1,1659.8,376.0,178.6,380.4,1.000000
16,-1,291.2,447.3,110.2,262.9,1.000000
16,-1,1319.5,453.5,78.0,209.5,1.000000
16,-1,1291.0,535.1,53.2,132.9,1.000000
16,-1,1.0,244.9,224.7,691.3,0.932000
173,-1,943.6,3.7,428.9,1077.3,1.000000
173,-1,1525.1,378.9,134.4,294.7,1.000000
173,-1,1383.5,444.6,93.5,237.8,1.000000
173,-1,1337.3,536.3,65.2,151.6,1.000000
173,-1,557.0,144.1,388.0,936.9,1.000000
173,-1,377.6,384.4,242.6,480.0,0.999000
209,-1,1654.4,400.3,116.5,244.6,1.000000
209,-1,1417.5,536.3,67.9,166.1,1.000000
209,-1,1538.2,421.5,110.9,236.4,1.000000
209,-1,1026.4,327.1,179.8,471.7,1.000000
209,-1,1437.2,430.6,101.4,261.3,1.000000
209,-1,896.9,396.7,171.1,395.1,0.999000
209,-1,19.7,20.8,762.5,1060.2,0.996000
209,-1,12.7,254.4,187.5,797.6,0.363000
98,-1,1037.7,313.5,206.3,444.6,1.000000
98,-1,319.4,461.8,103.1,253.1,1.000000
98,-1,1608.1,231.4,245.9,651.9,1.000000
98,-1,457.1,416.6,127.9,304.4,1.000000
98,-1,1366.1,311.5,226.5,572.4,1.000000
98,-1,1351.8,464.7,75.2,203.5,0.057000
88,-1,936.9,298.3,204.9,482.3,1.000000
88,-1,1400.5,335.9,250.5,508.1,1.000000
88,-1,1669.2,249.1,216.7,608.9,1.000000
88,-1,445.5,425.1,122.0,284.4,1.000000
88,-1,303.7,459.4,97.7,251.9,1.000000
88,-1,1340.4,454.9,82.0,214.7,0.999000
90,-1,949.9,301.4,218.9,477.0,1.000000
90,-1,1658.7,240.1,227.7,621.6,1.000000
90,-1,1387.1,320.6,247.3,549.0,1.000000
90,-1,309.2,458.6,102.3,254.4,1.000000
90,-1,451.6,421.4,123.0,293.9,1.000000
90,-1,1340.1,456.3,79.9,209.7,0.984000
228,-1,764.1,280.1,256.9,593.6,1.000000
228,-1,338.2,293.6,270.6,686.0,1.000000
228,-1,1496.0,424.6,113.3,275.9,1.000000
228,-1,1713.4,397.3,103.6,240.7,1.000000
228,-1,1472.0,535.3,75.0,176.9,1.000000
228,-1,1069.1,407.7,149.1,352.1,1.000000
228,-1,1191.2,350.3,157.3,418.8,0.999000
228,-1,1664.4,419.7,83.4,233.2,0.999000
228,-1,608.6,300.8,190.1,554.2,0.998000
228,-1,182.4,299.0,283.9,623.7,0.370000
157,-1,1157.7,79.2,353.8,1001.8,1.000000
157,-1,797.3,186.3,363.8,894.7,1.000000
157,-1,451.4,378.8,149.7,388.9,1.000000
157,-1,1466.9,365.4,137.6,320.1,0.999000
157,-1,191.7,297.5,285.5,612.9,0.999000
59,-1,1341.3,455.2,81.3,215.1,1.000000
59,-1,512.6,251.3,245.6,588.3,1.000000
59,-1,1532.7,354.4,209.8,455.5,1.000000
59,-1,1753.4,288.0,167.6,524.5,1.000000
59,-1,371.8,436.8,120.9,275.4,1.000000
100,-1,1061.4,310.2,187.3,448.8,1.000000
100,-1,459.8,419.6,125.1,297.1,1.000000
100,-1,1358.0,314.9,229.7,576.2,1.000000
100,-1,322.1,459.9,100.1,256.2,1.000000
100,-1,1600.6,222.6,248.6,673.5,1.000000
109,-1,1559.9,223.3,231.9,689.4,1.000000
109,-1,1297.4,304.4,248.6,605.3,1.000000
109,-1,343.1,452.8,93.2,267.3,1.000000
109,-1,460.3,414.5,128.4,309.0,1.000000
109,-1,1134.4,332.7,191.2,405.2,1.000000
124,-1,1144.6,280.4,304.7,675.8,1.000000
124,-1,1460.8,176.4,267.2,784.6,1.000000
124,-1,336.3,437.4,101.7,299.7,1.000000
124,-1,451.2,407.2,119.0,322.1,1.000000
24,-1,1636.0,377.1,187.8,389.8,1.000000
24,-1,1329.7,456.0,75.4,206.3,1.000000
24,-1,1.0,239.9,325.0,687.9,1.000000
24,-1,1300.5,535.8,54.1,127.7,1.000000
24,-1,312.9,450.2,100.0,258.0,1.000000
182,-1,1561.6,384.6,130.4,273.7,1.000000
182,-1,849.3,1.0,409.7,1080.0,1.000000
182,-1,1342.8,535.7,69.8,151.0,1.000000
182,-1,1392.9,440.7,97.9,246.8,1.000000
182,-1,323.1,118.4,532.1,962.6,1.000000
236,-1,1502.6,531.8,95.9,181.1,1.000000
236,-1,886.9,286.4,210.4,563.6,1.000000
236,-1,1709.4,423.7,90.3,219.9,1.000000
236,-1,1259.6,355.2,148.3,397.0,1.000000
236,-1,486.8,315.3,272.1,636.1,1.000000
236,-1,1154.6,419.8,103.9,323.6,1.000000
236,-1,720.5,312.5,206.8,503.9,0.495000
236,-1,1767.9,416.2,63.0,212.5,0.072000
162,-1,1103.9,39.1,384.5,1041.9,1.000000
162,-1,758.7,177.6,338.8,903.4,1.000000
162,-1,1493.1,369.5,131.2,307.2,1.000000
162,-1,334.7,296.7,209.6,601.0,1.000000
162,-1,477.5,382.2,127.6,403.1,0.514000
122,-1,1167.7,289.0,294.8,663.3,1.000000
122,-1,1467.2,186.7,259.2,764.2,1.000000
122,-1,453.1,406.4,123.7,323.0,1.000000
122,-1,340.1,438.9,97.5,297.3,1.000000
26,-1,1628.3,381.7,190.2,390.9,1.000000
26,-1,1.0,242.5,358.0,676.8,1.000000
26,-1,1301.6,535.0,56.4,132.5,1.000000
26,-1,1330.4,454.7,74.6,206.7,1.000000
26,-1,323.5,426.1,90.9,285.7,0.651000
26,-1,1826.4,320.2,94.6,442.3,0.151000
104,-1,457.7,416.4,128.4,300.8,1.000000
104,-1,1094.6,317.7,194.7,443.7,1.000000
104,-1,1577.2,231.2,239.7,669.2,1.000000
104,-1,328.8,449.7,98.6,266.1,1.000000
104,-1,1331.5,306.0,233.8,593.8,1.000000
212,-1,1072.5,337.7,190.9,448.4,1.000000
212,-1,1667.5,400.0,111.4,244.8,1.000000
212,-1,1444.0,431.1,105.8,265.7,1.000000
212,-1,1556.7,423.9,101.2,234.9,1.000000
212,-1,498.7,238.9,314.6,682.2,1.000000
212,-1,1425.0,535.9,66.4,164.6,1.000000
212,-1,931.8,403.0,137.4,378.1,0.999000
212,-1,1.0,15.3,592.1,1065.7,0.999000
169,-1,1002.9,28.6,413.6,1052.4,1.000000
169,-1,1502.4,378.9,143.2,300.0,1.000000
169,-1,623.0,164.3,387.2,916.7,1.000000
169,-1,448.1,303.7,231.3,569.3,1.000000
169,-1,1379.3,450.5,86.6,232.9,0.999000
147,-1,929.9,215.0,337.3,846.7,1.000000
147,-1,442.8,388.5,139.6,363.0,1.000000
147,-1,1247.4,143.4,321.5,901.6,1.000000
147,-1,42.9,281.5,230.6,651.2,1.000000
147,-1,312.8,415.8,127.9,338.2,0.999000
215,-1,1586.1,413.8,92.4,237.2,1.000000
215,-1,1675.8,399.7,113.5,245.8,1.000000
215,-1,1097.7,340.2,201.9,444.3,1.000000
215,-1,939.6,409.1,160.2,373.0,1.000000
215,-1,1453.0,430.5,104.9,262.6,1.000000
215,-1,529.0,260.4,316.4,652.6,1.000000
215,-1,1433.7,537.2,65.9,166.6,1.000000
215,-1,1.0,61.5,408.5,1019.5,0.956000
215,-1,419.1,263.9,194.4,605.0,0.050000
174,-1,1532.8,382.6,127.7,286.0,1.000000
174,-1,937.4,1.0,414.6,1080.0,1.000000
174,-1,522.9,127.5,417.8,953.5,1.000000
174,-1,1334.4,538.3,69.2,149.7,1.000000
174,-1,1384.8,444.7,93.2,235.6,1.000000
174,-1,413.9,402.8,164.6,451.2,0.239000
103,-1,457.7,417.3,128.6,299.6,1.000000
103,-1,1090.2,312.8,190.8,441.4,1.000000
103,-1,1348.8,317.2,222.4,579.3,1.000000
103,-1,327.9,443.5,100.7,274.5,1.000000
103,-1,1583.4,216.7,239.1,673.8,1.000000
208,-1,1650.2,400.3,118.0,246.6,1.000000
208,-1,1414.2,534.4,71.3,166.3,1.000000
208,-1,1430.2,432.3,105.9,257.2,1.000000
208,-1,1003.5,327.2,191.0,470.3,1.000000
208,-1,1530.2,424.0,109.5,232.2,1.000000
208,-1,116.5,1.0,677.2,1080.0,0.998000
208,-1,869.7,401.0,195.7,389.7,0.998000
208,-1,1.0,234.8,177.4,811.1,0.406000
31,-1,1629.3,369.3,172.8,399.6,1.000000
31,-1,1.0,223.8,418.5,678.9,1.000000
31,-1,1333.2,456.1,75.4,206.4,1.000000
31,-1,1308.2,538.4,50.3,126.6,0.999000
31,-1,1810.5,303.4,110.5,466.8,0.868000
181,-1,1557.4,383.0,130.9,283.2,1.000000
181,-1,857.9,10.7,410.9,1070.3,1.000000
181,-1,1342.1,537.1,70.0,150.2,1.000000
181,-1,1394.2,443.3,95.1,242.2,1.000000
181,-1,352.8,137.4,515.5,943.6,1.000000
15,-1,1663.6,377.4,174.3,380.2,1.000000
15,-1,288.1,446.3,111.1,263.5,1.000000
15,-1,1317.3,453.3,79.7,207.3,1.000000
15,-1,1288.3,537.2,55.0,129.8,1.000000
15,-1,1.0,238.1,220.7,685.9,0.743000
129,-1,1409.7,190.0,292.2,784.4,1.000000
129,-1,1118.8,256.9,283.2,718.9,1.000000
129,-1,325.7,432.6,113.4,305.1,1.000000
129,-1,453.0,402.6,118.3,329.4,1.000000
220,-1,1143.9,342.8,180.5,436.8,1.000000
220,-1,1470.7,430.4,99.8,268.7,1.000000
220,-1,648.5,268.2,225.1,623.7,1.000000
220,-1,1446.4,536.2,69.9,171.8,1.000000
220,-1,1605.2,416.3,123.1,237.1,1.000000
220,-1,1007.3,409.7,137.9,353.7,1.000000
220,-1,142.5,278.1,369.9,736.7,1.000000
220,-1,1688.4,404.1,110.7,245.9,0.999000
220,-1,503.2,284.9,200.9,583.4,0.997000
139,-1,1022.9,237.2,309.6,780.8,1.000000
139,-1,1315.6,145.9,312.3,850.9,1.000000
139,-1,445.4,396.8,132.6,342.5,1.000000
139,-1,321.1,421.9,123.0,323.0,1.000000
139,-1,3.3,290.1,191.9,663.4,0.999000
37,-1,1616.5,367.6,174.2,411.4,1.000000
37,-1,19.3,226.7,453.6,671.9,1.000000
37,-1,1335.4,454.7,76.8,215.1,1.000000
37,-1,1793.8,303.0,127.2,475.7,0.992000
195,-1,585.2,1.0,499.5,1080.0,1.000000
195,-1,1605.7,394.6,128.6,264.9,1.000000
195,-1,1375.0,534.0,69.7,160.1,1.000000
195,-1,1406.5,434.9,104.2,248.7,0.999000
195,-1,1.0,62.0,408.0,1019.0,0.997000
195,-1,496.8,388.8,144.9,430.2,0.995000
195,-1,1470.4,429.4,96.6,228.8,0.541000
262,-1,1668.5,524.5,87.3,196.8,1.000000
262,-1,943.9,328.3,196.4,535.8,1.000000
262,-1,1388.1,368.6,125.1,357.8,1.000000
262,-1,1148.8,308.0,182.6,495.3,1.000000
262,-1,1546.8,420.6,87.6,284.7,1.000000
262,-1,1826.1,415.5,92.8,223.8,1.000000
262,-1,809.5,348.1,178.3,500.4,0.999000
184,-1,1572.7,392.2,123.8,269.9,1.000000
184,-1,809.6,2.5,434.7,1078.5,1.000000
184,-1,1395.7,438.8,96.1,245.4,1.000000
184,-1,1348.6,536.3,68.1,153.4,1.000000
184,-1,278.3,128.6,508.0,952.4,1.000000
184,-1,1.0,172.8,287.1,900.4,0.996000
184,-1,703.6,307.4,170.8,532.1,0.734000
51,-1,361.6,259.3,320.9,619.8,1.000000
51,-1,1340.6,455.3,81.2,213.6,1.000000
51,-1,1581.5,351.1,189.8,445.2,1.000000
51,-1,1776.9,286.2,144.1,516.0,1.000000
63,-1,1508.2,341.4,214.6,472.0,1.000000
63,-1,576.6,263.8,269.4,566.7,1.000000
63,-1,1341.2,455.6,80.4,214.0,1.000000
63,-1,1744.5,282.1,176.5,536.7,1.000000
63,-1,384.7,433.6,111.9,272.3,1.000000
63,-1,202.8,464.0,101.4,242.5,0.999000
43,-1,1599.4,365.4,185.2,426.4,1.000000
43,-1,1338.5,456.4,79.0,212.3,1.000000
43,-1,200.0,237.7,331.0,661.4,1.000000
43,-1,1780.9,310.7,140.1,474.1,0.998000
75,-1,773.3,273.0,202.7,537.8,1.000000
75,-1,1339.3,457.3,82.2,211.7,1.000000
75,-1,1697.7,262.3,212.7,577.8,1.000000
75,-1,413.6,432.5,119.9,275.7,1.000000
75,-1,1484.4,338.0,210.0,492.9,1.000000
75,-1,250.6,473.8,94.2,239.0,1.000000
168,-1,1016.5,34.8,405.5,1046.2,1.000000
168,-1,642.8,159.3,376.0,921.7,1.000000
168,-1,422.9,311.2,253.9,570.9,1.000000
168,-1,1500.7,377.4,143.4,301.4,1.000000
168,-1,1379.6,452.0,81.9,232.1,0.986000
177,-1,1543.0,379.3,130.4,286.7,1.000000
177,-1,463.2,123.9,448.0,957.1,1.000000
177,-1,1335.8,541.2,71.3,147.6,1.000000
177,-1,910.1,1.0,408.8,1080.0,1.000000
177,-1,1387.8,438.3,96.9,243.3,1.000000
177,-1,361.6,400.7,145.3,403.8,0.997000
96,-1,1010.7,316.3,218.3,452.9,1.000000
96,-1,1613.6,249.5,253.3,640.1,1.000000
96,-1,1369.9,314.6,234.8,561.1,1.000000
96,-1,459.4,421.9,116.5,296.3,1.000000
96,-1,315.7,455.5,106.8,258.4,1.000000
96,-1,1322.5,530.2,50.8,134.0,0.206000
134,-1,1370.2,170.2,288.5,805.6,1.000000
134,-1,1092.9,277.4,281.4,707.4,1.000000
134,-1,318.2,433.3,120.8,303.9,1.000000
134,-1,448.2,392.9,125.8,338.2,1.000000
114,-1,460.1,406.2,119.7,317.7,1.000000
114,-1,1527.1,209.0,240.6,742.4,1.000000
114,-1,1263.6,294.1,265.8,626.8,1.000000
114,-1,347.7,441.2,94.2,279.5,1.000000
114,-1,1183.8,336.5,139.9,389.4,0.571000
77,-1,1470.5,335.6,222.7,496.0,1.000000
77,-1,1693.6,264.9,208.4,579.4,1.000000
77,-1,792.7,280.7,212.3,530.9,1.000000
77,-1,1338.8,457.4,82.5,211.6,1.000000
77,-1,415.9,429.5,118.5,278.6,1.000000
77,-1,255.8,471.5,92.7,239.9,1.000000
18,-1,1658.3,381.0,177.8,378.3,1.000000
18,-1,301.2,448.9,100.9,261.4,1.000000
18,-1,1324.2,454.9,76.0,207.8,1.000000
18,-1,1292.2,536.1,54.7,130.8,1.000000
18,-1,1.0,224.3,225.4,707.1,0.997000
160,-1,779.2,179.7,343.9,901.3,1.000000
160,-1,1129.2,87.1,368.5,993.9,1.000000
160,-1,1479.9,367.9,135.0,310.8,1.000000
160,-1,460.6,374.9,145.1,392.9,0.999000
160,-1,292.3,295.7,201.4,595.8,0.999000
250,-1,1048.3,292.1,210.5,530.9,1.000000
250,-1,1597.1,534.5,78.1,180.8,1.000000
250,-1,1773.4,421.5,109.6,225.7,1.000000
250,-1,715.8,321.7,266.4,574.2,1.000000
250,-1,1329.0,360.6,126.0,374.5,1.000000
250,-1,1542.9,420.6,87.6,281.5,0.999000
250,-1,1232.0,417.9,110.9,316.0,0.975000
250,-1,621.9,343.5,172.0,533.3,0.121000
60,-1,1531.0,359.1,201.5,446.0,1.000000
60,-1,1341.3,455.2,81.0,214.2,1.000000
60,-1,534.8,268.0,244.0,557.4,1.000000
60,-1,1744.1,295.6,176.9,525.8,1.000000
60,-1,369.3,436.0,121.1,274.9,1.000000
150,-1,893.4,222.5,347.4,840.0,1.000000
150,-1,1231.5,125.6,319.7,955.4,1.000000
150,-1,440.2,389.0,147.7,367.6,1.000000
150,-1,65.5,277.4,331.1,660.4,1.000000
150,-1,302.9,413.8,129.0,344.2,0.984000
121,-1,1187.1,294.6,280.7,648.3,1.000000
121,-1,1480.5,177.8,262.1,781.6,1.000000
121,-1,454.1,404.3,123.6,324.6,1.000000
121,-1,344.8,441.3,96.7,292.3,1.000000
148,-1,912.5,225.2,351.0,839.8,1.000000
148,-1,1234.1,125.7,329.0,955.3,1.000000
148,-1,441.6,388.8,143.5,364.9,1.000000
148,-1,59.0,289.8,251.2,635.1,1.000000
148,-1,305.6,418.0,131.7,342.4,1.000000
48,-1,1586.9,351.7,187.8,437.7,1.000000
48,-1,1340.3,455.7,80.2,213.0,1.000000
48,-1,309.4,245.9,300.5,616.5,1.000000
48,-1,1780.5,298.5,140.5,492.9,0.999000
135,-1,1362.6,163.7,288.5,825.3,1.000000
135,-1,1074.5,279.5,290.6,718.0,1.000000
135,-1,319.7,430.2,120.9,308.9,1.000000
135,-1,449.3,392.5,126.8,338.7,1.000000
167,-1,1035.8,41.5,403.4,1039.5,1.000000
167,-1,405.1,315.7,266.9,577.3,1.000000
167,-1,1500.2,374.8,142.8,301.2,1.000000
167,-1,659.3,170.6,377.5,910.4,1.000000
255,-1,1620.3,526.6,97.9,188.3,1.000000
255,-1,1088.8,308.7,232.5,505.6,1.000000
255,-1,838.0,321.6,204.4,561.8,1.000000
255,-1,1798.6,426.1,95.9,212.9,1.000000
255,-1,1543.9,424.3,85.5,281.5,1.000000
255,-1,1352.1,372.3,122.8,367.8,1.000000
255,-1,692.1,328.6,207.0,529.2,1.000000
39,-1,1609.7,367.3,181.9,421.1,1.000000
39,-1,52.2,245.6,438.5,656.2,1.000000
39,-1,1335.6,454.8,77.9,215.7,1.000000
39,-1,1790.8,305.5,130.2,477.7,0.998000
263,-1,1674.2,521.8,86.5,197.5,1.000000
263,-1,958.9,337.9,192.9,516.4,1.000000
263,-1,1157.0,311.8,180.8,493.9,1.000000
263,-1,1393.1,363.5,123.3,367.1,1.000000
263,-1,1827.8,421.3,91.5,220.3,1.000000
263,-1,1546.3,420.3,88.7,283.1,1.000000
263,-1,816.7,349.7,186.9,492.4,0.999000
123,-1,1157.5,280.4,297.0,668.6,1.000000
123,-1,1459.0,182.1,271.1,770.0,1.000000
123,-1,453.1,407.4,119.4,322.0,1.000000
123,-1,336.6,437.6,100.0,299.2,1.000000
108,-1,1562.3,221.8,232.8,685.6,1.000000
108,-1,461.1,420.1,125.1,298.4,1.000000
108,-1,1129.3,336.0,188.8,417.7,1.000000
108,-1,342.3,453.3,92.6,264.5,1.000000
108,-1,1311.3,301.4,234.7,599.5,1.000000
258,-1,1639.0,525.5,100.1,195.1,1.000000
258,-1,866.5,316.5,233.8,569.9,1.000000
258,-1,1117.5,306.1,201.3,508.5,1.000000
258,-1,1543.4,423.0,87.2,283.2,1.000000
258,-1,1813.3,424.0,87.6,210.9,1.000000
258,-1,1363.9,369.4,128.5,367.4,1.000000
258,-1,757.6,337.7,150.6,502.6,0.993000
213,-1,1664.6,394.6,116.1,250.5,1.000000
213,-1,1084.1,337.5,194.2,447.4,1.000000
213,-1,1564.9,424.4,99.1,231.2,1.000000
213,-1,509.9,253.7,308.7,664.1,1.000000
213,-1,937.6,401.9,139.7,377.6,1.000000
213,-1,1445.6,426.0,106.4,270.4,1.000000
213,-1,1427.4,535.5,66.6,163.4,1.000000
213,-1,1.0,22.3,546.1,1058.7,0.997000
120,-1,1204.9,284.8,271.2,650.7,1.000000
120,-1,454.3,406.4,125.5,313.6,1.000000
120,-1,1489.0,183.1,256.5,772.2,1.000000
120,-1,344.9,441.8,96.9,290.7,1.000000
259,-1,1650.2,528.5,91.9,191.1,1.000000
259,-1,1127.4,306.4,197.6,506.0,1.000000
259,-1,888.2,324.1,221.6,558.0,1.000000
259,-1,1816.5,422.5,91.7,214.5,1.000000
259,-1,1544.0,422.2,88.0,283.7,1.000000
259,-1,1371.0,369.2,122.6,361.6,1.000000
259,-1,766.2,339.0,164.2,497.6,0.989000
118,-1,1223.7,279.8,262.9,654.8,1.000000
118,-1,1499.7,197.5,252.6,753.9,1.000000
118,-1,457.1,405.2,119.6,315.8,1.000000
118,-1,344.7,439.6,96.7,290.9,1.000000
203,-1,1401.6,537.1,68.5,160.0,1.000000
203,-1,1636.3,396.3,116.1,255.0,1.000000
203,-1,1418.2,436.6,107.3,256.5,1.000000
203,-1,334.3,1.0,640.1,1080.0,1.000000
203,-1,936.8,325.9,234.5,477.2,0.999000
203,-1,1517.6,423.8,82.0,239.0,0.999000
197,-1,1609.7,399.4,124.5,253.1,1.000000
197,-1,529.5,1.0,525.4,1080.0,1.000000
197,-1,1381.9,539.1,71.7,154.9,1.000000
197,-1,1406.9,440.0,106.5,244.1,0.999000
197,-1,229.2,192.6,325.4,786.8,0.997000
197,-1,1477.9,423.2,102.0,243.2,0.997000
197,-1,16.1,102.0,385.9,979.0,0.923000
232,-1,834.4,270.9,212.7,578.8,1.000000
232,-1,426.5,293.2,263.7,670.7,1.000000
232,-1,1216.5,360.1,148.3,410.6,1.000000
232,-1,1688.8,421.4,89.4,231.2,1.000000
232,-1,1493.5,531.6,70.0,180.2,1.000000
232,-1,1513.6,420.2,107.0,280.2,1.000000
232,-1,1111.4,415.5,129.4,331.6,1.000000
232,-1,667.7,300.5,192.3,532.1,0.999000
232,-1,1736.1,415.1,98.2,215.3,0.829000
73,-1,741.7,275.5,217.3,545.0,1.000000
73,-1,413.6,437.1,116.6,270.4,1.000000
73,-1,1706.1,268.5,209.0,565.3,1.000000
73,-1,1500.8,343.7,200.6,489.3,1.000000
73,-1,1339.0,457.1,82.1,211.9,1.000000
73,-1,248.7,471.6,90.4,242.1,1.000000
86,-1,927.3,296.4,186.5,497.5,1.000000
86,-1,1670.8,250.8,215.2,608.1,1.000000
86,-1,1410.1,329.8,250.1,506.4,1.000000
86,-1,442.8,427.4,114.3,281.9,1.000000
86,-1,290.9,462.1,106.0,253.9,1.000000
86,-1,1339.5,454.7,81.5,215.0,1.000000
105,-1,457.4,418.9,127.9,308.5,1.000000
105,-1,1102.9,324.8,192.4,431.3,1.000000
105,-1,1574.8,229.0,242.9,684.1,1.000000
105,-1,1336.0,310.6,226.6,584.4,1.000000
105,-1,328.7,449.8,99.3,267.3,1.000000
140,-1,1009.8,239.2,305.5,781.9,1.000000
140,-1,1302.8,136.9,318.0,882.5,1.000000
140,-1,445.0,398.2,130.9,341.7,1.000000
140,-1,321.4,422.2,123.5,323.1,1.000000
140,-1,9.2,269.0,208.6,668.2,0.999000
201,-1,1623.8,392.1,120.3,255.7,1.000000
201,-1,1396.1,536.5,66.4,157.5,1.000000
201,-1,390.3,1.0,609.0,1080.0,1.000000
201,-1,934.1,324.0,220.1,485.2,1.000000
201,-1,1412.4,434.4,110.4,256.5,1.000000
201,-1,1502.5,425.0,87.5,237.9,0.998000
201,-1,297.4,229.0,265.7,748.4,0.800000
201,-1,180.6,233.5,224.9,699.8,0.414000
183,-1,1565.9,389.2,128.9,274.5,1.000000
183,-1,837.7,1.0,411.7,1080.0,1.000000
183,-1,1344.4,533.8,69.6,156.2,1.000000
183,-1,1394.0,440.3,97.4,246.7,1.000000
183,-1,305.4,131.7,503.8,949.3,1.000000
183,-1,701.2,314.2,144.8,534.7,0.276000
183,-1,6.9,231.0,203.9,802.6,0.129000
188,-1,1588.9,386.6,123.3,274.3,1.000000
188,-1,746.3,1.0,450.5,1080.0,1.000000
188,-1,1399.4,433.5,97.0,252.0,1.000000
188,-1,1355.8,538.5,69.9,149.2,1.000000
188,-1,159.5,97.7,513.9,983.3,1.000000
188,-1,26.1,207.1,250.3,780.0,0.539000
247,-1,1315.8,363.5,134.0,378.8,1.000000
247,-1,1013.6,290.6,192.6,537.5,1.000000
247,-1,1579.2,532.2,86.5,179.0,1.000000
247,-1,665.7,325.6,269.0,579.1,1.000000
247,-1,1765.6,421.0,85.9,219.7,0.999000
247,-1,1536.7,425.0,85.6,274.6,0.999000
247,-1,1214.8,426.2,104.0,303.0,0.999000
99,-1,1045.2,310.9,202.0,447.5,1.000000
99,-1,457.7,418.1,128.7,304.4,1.000000
99,-1,1607.1,228.0,241.4,652.0,1.000000
99,-1,320.3,453.3,102.4,264.6,1.000000
99,-1,1366.7,305.4,215.2,580.5,1.000000
193,-1,1596.9,394.9,129.6,263.6,1.000000
193,-1,637.4,1.0,487.6,1080.0,1.000000
193,-1,1.8,105.2,477.3,975.8,1.000000
193,-1,1371.3,539.2,69.9,155.7,1.000000
193,-1,1401.9,437.1,104.8,246.1,1.000000
193,-1,478.3,395.6,140.5,419.8,1.000000
192,-1,1597.6,397.0,122.1,262.1,1.000000
192,-1,649.0,1.0,490.3,1080.0,1.000000
192,-1,1.0,89.7,506.5,991.3,1.000000
192,-1,1404.5,439.3,97.4,245.0,1.000000
192,-1,1368.9,539.5,68.8,154.9,1.000000
192,-1,477.7,397.0,133.7,414.7,0.998000
163,-1,1092.7,27.5,384.7,1053.5,1.000000
163,-1,1497.1,367.1,133.2,312.7,1.000000
163,-1,738.7,182.1,349.7,898.9,1.000000
163,-1,349.7,299.5,214.1,594.7,1.000000
163,-1,483.7,369.9,138.0,430.0,0.124000
36,-1,1620.1,369.4,169.8,405.3,1.000000
36,-1,1.0,233.6,465.8,671.0,1.000000
36,-1,1335.2,454.2,76.1,215.8,1.000000
36,-1,1796.5,297.9,124.5,478.8,0.990000
260,-1,892.3,326.7,223.7,555.4,1.000000
260,-1,1654.6,526.7,92.4,194.1,1.000000
260,-1,1542.6,420.0,90.8,286.9,1.000000
260,-1,1131.1,310.1,194.0,502.4,1.000000
260,-1,1824.1,423.9,87.0,212.2,1.000000
260,-1,1376.8,368.6,124.3,363.1,1.000000
260,-1,784.3,339.4,160.9,504.6,0.998000
70,-1,407.7,431.2,123.1,277.1,1.000000
70,-1,1341.3,455.6,81.1,213.4,1.000000
70,-1,685.3,276.0,254.2,544.5,1.000000
70,-1,1712.2,262.1,208.8,575.4,1.000000
70,-1,1509.2,341.1,198.4,488.1,1.000000
70,-1,243.7,473.8,95.1,243.1,1.000000
112,-1,1537.6,218.0,240.3,725.9,1.000000
112,-1,461.1,414.2,122.2,308.8,1.000000
112,-1,348.1,447.1,90.5,274.2,1.000000
112,-1,1287.0,298.6,237.8,606.4,1.000000
112,-1,1155.0,322.1,181.7,419.3,1.000000
32,-1,1627.9,371.6,176.2,401.8,1.000000
32,-1,1.0,224.5,423.2,678.7,1.000000
32,-1,1332.3,458.3,77.0,206.6,1.000000
32,-1,1310.3,536.5,49.0,128.0,0.985000
32,-1,1808.0,304.0,113.0,467.6,0.957000
251,-1,1776.1,416.5,111.9,223.7,1.000000
251,-1,1601.2,533.0,81.2,181.3,1.000000
251,-1,1055.9,292.9,218.0,517.7,1.000000
251,-1,760.3,325.6,224.0,564.7,1.000000
251,-1,1331.4,360.3,128.2,373.7,1.000000
251,-1,1543.1,423.7,86.3,278.9,1.000000
251,-1,1245.6,419.3,97.2,307.1,0.477000
251,-1,650.3,338.1,217.1,512.2,0.301000
205,-1,1640.9,394.8,119.3,255.0,1.000000
205,-1,1407.0,536.5,68.5,161.2,1.000000
205,-1,1425.4,436.1,104.4,256.4,1.000000
205,-1,962.2,323.9,207.1,475.4,1.000000
205,-1,1524.2,425.9,89.1,233.0,1.000000
205,-1,236.1,1.0,692.8,1080.0,1.000000
154,-1,1190.6,87.6,343.8,993.4,1.000000
154,-1,447.2,381.7,146.3,372.2,1.000000
154,-1,848.9,209.0,356.6,872.0,1.000000
154,-1,131.4,297.3,352.1,616.5,1.000000
65,-1,1500.7,340.2,213.5,475.5,1.000000
65,-1,1731.8,276.6,189.2,551.3,1.000000
65,-1,1341.4,455.2,80.6,214.4,1.000000
65,-1,608.0,272.7,278.3,564.8,1.000000
65,-1,398.8,432.9,106.0,277.6,1.000000
65,-1,211.1,468.0,96.0,238.5,0.999000
79,-1,807.3,290.3,250.7,513.4,1.000000
79,-1,1458.9,328.2,224.3,502.8,1.000000
79,-1,1688.8,261.0,212.6,589.0,1.000000
79,-1,418.7,427.3,115.5,282.9,1.000000
79,-1,1337.8,458.0,83.8,210.0,1.000000
79,-1,254.2,466.0,101.0,245.3,1.000000
240,-1,1524.2,534.0,100.4,178.2,1.000000
240,-1,922.3,291.8,245.8,566.8,1.000000
240,-1,1278.5,356.6,166.6,397.1,1.000000
240,-1,1732.3,426.8,83.8,218.3,1.000000
240,-1,577.6,297.4,229.7,613.4,1.000000
240,-1,1173.0,422.8,113.7,307.3,1.000000
240,-1,480.9,321.2,197.3,572.1,0.746000
240,-1,752.2,313.8,205.7,497.3,0.144000
241,-1,1537.6,531.2,95.5,177.4,1.000000
241,-1,938.7,295.5,229.0,549.6,1.000000
241,-1,1282.2,358.5,166.6,394.0,1.000000
241,-1,1738.5,419.9,90.3,224.2,1.000000
241,-1,1178.5,420.6,117.5,318.4,1.000000
241,-1,614.2,305.3,205.3,616.0,1.000000
241,-1,486.8,328.0,207.7,575.8,0.999000
241,-1,783.8,313.9,158.3,501.6,0.051000
81,-1,816.6,294.8,271.0,504.2,1.000000
81,-1,1445.3,315.7,235.9,527.6,1.000000
81,-1,1682.1,262.7,212.3,594.9,1.000000
81,-1,1338.3,456.8,83.5,210.5,1.000000
81,-1,426.9,426.4,113.9,283.1,1.000000
81,-1,264.4,467.4,105.0,244.1,1.000000
81,-1,1895.9,498.4,24.9,103.2,0.071000
143,-1,1288.4,129.8,305.8,880.7,1.000000
143,-1,977.1,218.8,342.3,826.2,1.000000
143,-1,443.3,398.1,130.7,346.3,1.000000
143,-1,323.3,420.9,120.0,327.0,1.000000
143,-1,1.6,269.8,218.4,699.9,1.000000
151,-1,1216.2,128.7,322.0,952.3,1.000000
151,-1,442.7,386.1,142.9,368.8,1.000000
151,-1,890.1,225.4,340.5,855.6,1.000000
151,-1,79.8,286.9,348.3,629.7,1.000000
151,-1,305.1,409.8,127.3,348.9,0.484000
130,-1,1402.2,185.5,293.8,790.9,1.000000
130,-1,1128.3,263.5,263.9,717.7,1.000000
130,-1,321.7,429.1,117.6,308.6,1.000000
130,-1,451.4,399.3,119.9,331.3,1.000000
187,-1,1583.9,386.0,126.4,274.9,1.000000
187,-1,767.1,1.0,444.0,1080.0,1.000000
187,-1,1397.9,435.9,98.5,249.3,1.000000
187,-1,1354.9,540.0,68.7,147.5,1.000000
187,-1,204.2,107.5,531.2,973.5,0.998000
187,-1,6.4,188.8,319.8,859.0,0.979000
14,-1,1666.8,377.4,177.0,375.5,1.000000
14,-1,286.8,441.0,107.4,269.1,1.000000
14,-1,1316.1,451.9,79.8,208.9,1.000000
14,-1,1283.5,538.6,55.0,128.1,1.000000
14,-1,1.0,238.0,206.0,696.5,0.936000
166,-1,1049.9,41.4,391.8,1039.6,1.000000
166,-1,684.2,173.0,366.7,908.0,1.000000
166,-1,1498.5,371.5,143.0,307.3,1.000000
166,-1,387.8,305.1,278.1,591.8,1.000000
74,-1,756.2,273.0,209.3,547.2,1.000000
74,-1,1704.6,266.3,206.6,571.6,1.000000
74,-1,415.2,436.0,116.7,274.5,1.000000
74,-1,1338.9,457.0,82.3,212.1,1.000000
74,-1,1496.4,339.8,198.3,498.2,1.000000
74,-1,249.8,471.3,92.1,241.8,1.000000
107,-1,1568.2,225.7,235.3,690.0,1.000000
107,-1,336.3,449.9,96.1,268.9,1.000000
107,-1,459.0,419.8,127.2,298.4,1.000000
107,-1,1121.0,328.8,190.0,420.4,1.000000
107,-1,1317.8,317.6,244.1,582.2,1.000000
180,-1,1551.6,383.8,132.2,283.4,1.000000
180,-1,377.5,149.3,492.9,931.7,1.000000
180,-1,1341.2,539.6,70.0,148.1,1.000000
180,-1,875.7,22.5,404.9,1058.5,1.000000
180,-1,1390.1,439.0,98.7,248.2,1.000000
261,-1,1660.1,527.5,88.6,196.7,1.000000
261,-1,1141.7,310.3,182.0,489.2,1.000000
261,-1,917.9,325.1,214.0,548.0,1.000000
261,-1,1543.6,419.9,90.6,286.5,1.000000
261,-1,1825.8,417.9,91.3,217.0,1.000000
261,-1,1380.4,365.5,127.0,367.3,1.000000
261,-1,799.2,340.6,164.9,507.0,0.998000
133,-1,1093.6,281.6,281.0,708.6,1.000000
133,-1,1374.7,174.8,293.5,820.6,1.000000
133,-1,318.4,428.5,123.5,314.4,1.000000
133,-1,450.2,395.7,119.3,338.1,1.000000
41,-1,1610.7,368.9,178.8,422.9,1.000000
41,-1,1337.7,455.6,78.1,213.8,1.000000
41,-1,129.9,253.1,382.9,640.3,1.000000
41,-1,1788.6,309.4,132.4,473.1,0.998000
216,-1,1594.9,420.8,93.2,227.1,1.000000
216,-1,1112.0,340.9,194.9,446.1,1.000000
216,-1,1677.1,397.3,111.9,247.6,1.000000
216,-1,545.1,265.6,306.4,651.5,1.000000
216,-1,1457.3,426.5,105.7,266.3,1.000000
216,-1,961.4,410.2,151.7,371.4,1.000000
216,-1,1437.8,538.1,64.5,168.0,1.000000
216,-1,1.0,310.6,329.0,770.4,0.402000
46,-1,1591.8,359.1,193.5,431.5,1.000000
46,-1,1339.4,456.0,80.2,213.0,1.000000
46,-1,285.6,243.4,283.3,625.1,1.000000
46,-1,1781.3,304.5,139.7,489.8,1.000000
67,-1,1726.2,273.0,194.8,557.1,1.000000
67,-1,629.8,275.8,281.7,560.9,1.000000
67,-1,1341.2,455.8,80.7,213.6,1.000000
67,-1,1507.2,339.7,206.0,481.6,1.000000
67,-1,402.7,432.6,109.6,278.1,1.000000
67,-1,224.0,469.9,95.5,239.7,1.000000
185,-1,1574.5,385.9,126.3,274.4,1.000000
185,-1,800.7,8.2,434.2,1072.8,1.000000
185,-1,1396.9,438.9,97.1,248.4,1.000000
185,-1,1351.2,538.0,67.3,149.7,1.000000
185,-1,285.2,111.6,500.4,969.4,1.000000
185,-1,1.0,183.8,323.3,847.3,0.998000
185,-1,718.1,303.6,167.3,520.7,0.218000
165,-1,1060.8,32.9,396.3,1048.1,1.000000
165,-1,1500.6,373.3,133.9,303.3,1.000000
165,-1,694.1,180.6,378.5,900.4,1.000000
165,-1,375.1,305.6,257.3,586.9,1.000000
242,-1,1540.6,530.8,96.1,180.9,1.000000
242,-1,948.7,295.0,224.6,552.6,1.000000
242,-1,1287.1,361.6,165.2,395.2,1.000000
242,-1,621.2,303.1,206.1,610.9,1.000000
242,-1,1742.4,425.3,87.8,216.0,1.000000
242,-1,1184.5,423.0,118.1,312.6,1.000000
242,-1,498.1,328.1,195.9,560.3,0.993000
256,-1,1628.5,526.0,99.8,189.2,1.000000
256,-1,1098.8,305.3,225.1,508.7,1.000000
256,-1,847.8,327.1,216.9,557.4,1.000000
256,-1,1543.4,424.2,87.6,280.2,1.000000
256,-1,1805.9,424.8,93.4,215.3,1.000000
256,-1,1355.3,368.5,127.0,359.1,1.000000
256,-1,717.5,329.2,185.3,524.9,0.999000
199,-1,1618.1,393.1,118.5,260.6,1.000000
199,-1,1391.5,537.3,67.7,155.1,1.000000
199,-1,469.9,1.0,548.5,1080.0,1.000000
199,-1,1409.3,436.2,109.1,252.7,1.000000
199,-1,1494.5,423.5,89.1,239.2,0.999000
199,-1,255.2,223.6,333.6,765.9,0.998000
199,-1,923.9,320.2,173.0,486.2,0.761000
199,-1,10.3,91.6,268.8,989.4,0.518000
21,-1,1642.0,370.8,187.0,396.1,1.000000
21,-1,1296.9,536.1,53.2,130.4,1.000000
21,-1,1328.7,455.3,72.7,208.0,1.000000
21,-1,312.4,450.2,98.1,258.1,1.000000
21,-1,1.0,243.4,284.4,688.3,1.000000
144,-1,961.4,231.0,336.9,816.5,1.000000
144,-1,1280.2,131.5,301.8,897.9,1.000000
144,-1,443.2,397.8,131.6,349.9,1.000000
144,-1,1.0,269.0,232.6,687.8,1.000000
144,-1,322.8,419.2,120.5,332.6,1.000000
237,-1,894.4,286.8,219.8,563.4,1.000000
237,-1,1506.8,530.7,94.6,182.8,1.000000
237,-1,1710.9,425.6,92.1,218.2,1.000000
237,-1,507.3,302.9,263.5,645.9,1.000000
237,-1,1259.6,362.1,158.9,389.4,1.000000
237,-1,1156.4,413.6,108.7,341.6,1.000000
237,-1,718.5,306.1,192.4,513.8,0.519000
237,-1,1773.0,413.1,68.3,211.2,0.181000
156,-1,1166.1,68.9,355.5,1002.7,1.000000
156,-1,793.5,195.2,388.9,885.8,1.000000
156,-1,448.9,389.8,146.6,371.9,1.000000
156,-1,146.5,291.4,339.9,616.6,1.000000
156,-1,1460.7,363.6,134.1,323.5,0.726000
249,-1,1038.5,299.0,213.0,514.4,1.000000
249,-1,1592.9,534.5,79.3,180.0,1.000000
249,-1,1324.8,360.8,129.0,378.3,1.000000
249,-1,696.2,315.8,273.0,585.3,1.000000
249,-1,1770.8,421.8,97.3,217.8,1.000000
249,-1,1538.4,421.7,91.1,281.3,0.999000
249,-1,1224.6,431.6,114.6,296.3,0.998000
4,-1,265.5,449.0,106.7,265.0,1.000000
4,-1,1680.0,380.9,173.4,363.6,1.000000
4,-1,1299.7,457.3,73.0,205.6,1.000000
4,-1,1263.5,516.7,47.7,146.4,0.290000
234,-1,870.0,273.0,184.2,576.0,1.000000
234,-1,1695.6,424.3,90.2,222.5,1.000000
234,-1,1242.6,353.3,142.0,410.3,1.000000
234,-1,1134.4,414.5,114.1,330.0,1.000000
234,-1,461.3,307.7,279.0,643.5,1.000000
234,-1,1496.8,530.8,80.0,180.7,1.000000
234,-1,1519.6,428.0,104.0,267.8,1.000000
234,-1,1764.5,422.4,64.6,210.2,0.400000
234,-1,695.3,310.2,202.2,507.5,0.291000
64,-1,1506.7,341.0,211.5,475.0,1.000000
64,-1,587.2,268.2,277.1,564.8,1.000000
64,-1,393.6,444.5,103.3,264.0,1.000000
64,-1,1341.3,455.2,80.7,214.4,1.000000
64,-1,1737.8,279.5,183.2,546.6,1.000000
64,-1,207.2,464.4,97.3,238.1,0.999000
29,-1,1631.6,374.7,174.2,390.1,1.000000
29,-1,11.5,234.5,373.5,673.7,1.000000
29,-1,1304.5,538.0,55.0,127.4,1.000000
29,-1,1331.3,455.8,74.7,206.1,1.000000
29,-1,1816.5,320.6,104.5,439.0,0.958000
29,-1,320.3,464.1,80.1,244.6,0.064000
1,-1,1691.7,383.5,169.9,358.1,1.000000
1,-1,257.7,452.0,104.8,258.4,1.000000
1,-1,1292.9,461.5,71.1,198.8,1.000000
1,-1,1252.1,537.6,63.2,123.3,1.000000
244,-1,1554.1,531.6,95.2,179.5,1.000000
244,-1,640.2,315.9,232.3,598.1,1.000000
244,-1,968.4,285.2,214.8,551.7,1.000000
244,-1,1300.2,361.0,163.5,390.2,1.000000
244,-1,1751.3,416.7,88.4,222.6,1.000000
244,-1,1198.6,429.1,109.5,296.9,0.999000
244,-1,559.1,328.5,153.8,537.7,0.832000
20,-1,1642.4,373.2,188.4,387.7,1.000000
20,-1,309.0,448.7,100.1,259.7,1.000000
20,-1,1296.5,534.9,53.3,132.5,1.000000
20,-1,1327.8,455.1,74.1,209.3,1.000000
20,-1,1.0,227.1,264.4,703.2,0.998000
115,-1,1256.8,279.1,252.5,635.5,1.000000
115,-1,456.3,409.4,121.0,320.3,1.000000
115,-1,348.6,441.2,93.0,281.4,1.000000
115,-1,1519.5,213.0,242.9,732.9,1.000000
141,-1,1300.7,133.6,313.8,862.7,1.000000
141,-1,986.2,244.2,335.5,776.4,1.000000
141,-1,447.6,399.4,126.5,342.6,1.000000
141,-1,323.2,421.7,121.3,324.1,1.000000
141,-1,6.4,271.3,210.4,657.1,0.999000
136,-1,1347.9,159.9,301.5,822.9,1.000000
136,-1,1061.4,273.7,291.6,730.1,1.000000
136,-1,446.6,394.0,132.9,338.1,1.000000
136,-1,324.7,424.1,119.3,321.1,1.000000
8,-1,1680.5,390.2,166.1,360.3,1.000000
8,-1,273.2,446.7,104.8,266.2,1.000000
8,-1,1304.2,454.5,80.6,206.0,1.000000
8,-1,1275.3,533.5,53.1,129.2,0.994000
85,-1,906.6,301.2,198.9,490.0,1.000000
85,-1,1677.3,258.0,206.4,603.9,1.000000
85,-1,1418.3,331.6,254.7,503.7,1.000000
85,-1,442.2,429.2,106.7,283.8,1.000000
85,-1,287.9,460.7,108.0,252.4,1.000000
85,-1,1339.8,454.9,81.2,214.5,1.000000
153,-1,1204.4,91.4,328.4,969.1,1.000000
153,-1,859.2,213.5,347.8,867.5,1.000000
153,-1,449.1,382.6,142.3,373.1,1.000000
153,-1,110.7,301.6,361.6,607.7,1.000000
214,-1,1093.8,337.2,204.2,446.6,1.000000
214,-1,1670.5,396.8,118.0,252.5,1.000000
214,-1,522.9,268.2,311.5,642.4,1.000000
214,-1,1576.5,420.7,98.2,232.8,1.000000
214,-1,940.9,406.4,148.8,375.4,1.000000
214,-1,1450.7,430.5,105.4,262.7,1.000000
214,-1,1431.2,537.1,67.0,165.1,1.000000
214,-1,1.0,36.0,468.3,1045.0,0.961000
214,-1,384.4,233.0,234.2,642.4,0.122000
190,-1,1593.0,391.5,123.8,270.5,1.000000
190,-1,700.0,1.0,481.7,1080.0,1.000000
190,-1,1400.9,439.0,98.0,244.7,1.000000
190,-1,1362.4,539.8,67.3,150.6,1.000000
190,-1,60.7,106.2,504.6,974.8,1.000000
246,-1,1576.4,529.2,85.1,181.7,1.000000
246,-1,1001.9,288.6,188.8,535.2,1.000000
246,-1,656.6,323.2,258.6,588.8,1.000000
246,-1,1310.8,351.4,139.7,393.9,1.000000
246,-1,1762.9,419.6,88.3,226.7,1.000000
246,-1,1208.4,424.5,105.8,307.8,1.000000
246,-1,1539.4,419.0,86.5,278.6,0.999000
23,-1,1639.4,375.9,185.3,391.8,1.000000
23,-1,313.5,454.0,100.7,252.4,1.000000
23,-1,1298.8,536.7,56.5,130.4,1.000000
23,-1,1.0,229.3,316.0,668.4,1.000000
23,-1,1329.9,455.9,73.1,206.8,1.000000
35,-1,1.0,232.1,458.6,669.7,1.000000
35,-1,1617.3,362.5,177.6,416.7,1.000000
35,-1,1334.9,453.0,77.3,216.1,1.000000
35,-1,1796.7,302.5,124.3,472.9,0.994000
131,-1,1397.4,172.1,290.6,805.9,1.000000
131,-1,1118.8,273.9,261.6,704.1,1.000000
131,-1,316.4,429.3,122.1,309.7,1.000000
131,-1,454.8,400.3,114.0,335.8,1.000000
47,-1,1593.1,363.3,188.0,434.6,1.000000
47,-1,1340.0,455.9,80.5,213.2,1.000000
47,-1,297.2,251.0,285.4,619.6,1.000000
47,-1,1780.4,301.1,140.6,489.6,1.000000
186,-1,1579.7,386.1,128.5,275.1,1.000000
186,-1,781.1,1.0,442.8,1080.0,1.000000
186,-1,1397.2,438.4,98.4,246.6,1.000000
186,-1,1353.9,540.8,67.6,147.0,1.000000
186,-1,237.0,109.0,523.6,972.0,0.999000
186,-1,2.5,178.0,352.3,867.9,0.997000
230,-1,792.2,275.2,238.7,587.2,1.000000
230,-1,1480.9,534.6,73.6,176.3,1.000000
230,-1,408.4,287.4,239.5,680.6,1.000000
230,-1,1502.7,426.6,117.8,276.1,1.000000
230,-1,1208.6,346.4,145.0,430.3,1.000000
230,-1,1725.0,394.9,108.7,245.1,0.999000
230,-1,646.3,296.2,166.6,560.6,0.999000
230,-1,1088.7,413.7,147.2,341.5,0.999000
230,-1,252.2,309.7,262.6,615.2,0.998000
230,-1,1682.3,419.1,84.2,223.9,0.996000
161,-1,1109.9,66.1,374.4,1014.9,1.000000
161,-1,764.6,191.6,350.2,889.4,1.000000
161,-1,1481.4,368.8,139.6,301.8,1.000000
161,-1,324.1,294.1,199.9,599.8,1.000000
161,-1,473.9,383.4,140.3,387.3,0.996000
27,-1,1628.2,383.7,188.7,389.0,1.000000
27,-1,1301.9,535.1,56.8,132.1,1.000000
27,-1,8.0,232.8,344.7,694.3,1.000000
27,-1,1330.2,454.4,75.1,206.5,1.000000
27,-1,317.7,427.8,98.3,285.2,0.912000
27,-1,1832.2,323.1,88.8,453.9,0.511000
101,-1,457.0,419.0,129.2,295.5,1.000000
101,-1,1588.6,230.5,251.6,664.0,1.000000
101,-1,1076.5,310.5,183.9,448.6,1.000000
101,-1,1355.9,314.1,224.3,569.6,1.000000
101,-1,323.9,446.5,102.6,270.4,1.000000
116,-1,1251.4,304.6,258.5,618.2,1.000000
116,-1,458.4,405.8,116.1,314.7,1.000000
116,-1,1509.2,207.7,241.9,736.9,1.000000
116,-1,347.5,437.3,96.2,287.8,1.000000
221,-1,1474.8,429.3,102.4,269.4,1.000000
221,-1,1153.9,340.0,165.5,430.4,1.000000
221,-1,154.8,275.0,387.6,721.6,1.000000
221,-1,1451.7,538.2,67.4,169.4,1.000000
221,-1,1609.9,422.6,126.6,230.0,1.000000
221,-1,683.6,267.9,219.4,619.6,1.000000
221,-1,1023.2,412.1,130.7,354.7,0.999000
221,-1,511.6,295.2,227.7,582.5,0.999000
221,-1,1690.3,404.1,109.1,240.2,0.997000
6,-1,1679.8,387.0,173.1,360.1,1.000000
6,-1,266.3,450.2,109.7,264.3,1.000000
6,-1,1301.5,455.8,76.7,206.7,1.000000
6,-1,1266.8,519.1,52.8,142.9,0.787000
10,-1,1677.7,384.6,167.1,366.0,1.000000
10,-1,1307.0,452.6,82.8,208.5,1.000000
10,-1,1273.3,535.5,57.0,127.8,1.000000
10,-1,277.4,440.5,103.7,275.9,1.000000
10,-1,1.0,261.8,170.2,640.1,0.142000
137,-1,1048.9,255.0,296.2,759.0,1.000000
137,-1,1341.4,151.1,300.2,838.9,1.000000
137,-1,447.6,393.2,133.0,339.8,1.000000
137,-1,325.6,423.1,118.0,321.6,1.000000
44,-1,1338.7,456.3,79.2,212.2,1.000000
44,-1,1604.0,364.8,179.4,423.5,1.000000
44,-1,234.9,251.1,302.0,646.8,1.000000
44,-1,1782.7,311.3,138.3,480.8,0.999000
233,-1,849.5,270.8,199.9,574.7,1.000000
233,-1,1494.3,528.4,74.1,184.8,1.000000
233,-1,441.5,302.4,271.8,647.3,1.000000
233,-1,1121.2,419.5,120.7,323.9,1.000000
233,-1,1228.9,359.6,143.3,405.1,1.000000
233,-1,1693.0,419.4,89.1,230.1,1.000000
233,-1,1514.0,418.7,105.1,284.5,1.000000
233,-1,675.0,294.6,198.9,544.3,0.991000
233,-1,1748.3,414.4,76.8,212.9,0.393000
94,-1,972.4,315.8,238.7,463.3,1.000000
94,-1,1377.8,321.5,238.3,542.8,1.000000
94,-1,1633.5,242.1,244.9,639.3,1.000000
94,-1,315.8,467.0,99.1,246.7,1.000000
94,-1,459.8,424.8,111.0,296.7,1.000000
219,-1,1132.8,347.7,186.5,438.9,1.000000
219,-1,633.3,265.0,229.4,632.0,1.000000
219,-1,1604.3,421.3,115.9,230.0,1.000000
219,-1,994.2,417.4,147.4,352.2,1.000000
219,-1,1446.6,538.1,66.5,169.4,1.000000
219,-1,1468.7,432.6,98.5,269.5,1.000000
219,-1,1685.9,400.4,115.5,249.7,1.000000
219,-1,121.9,253.5,353.0,761.8,0.996000
219,-1,494.9,288.9,200.6,580.9,0.985000
128,-1,1421.5,163.8,278.6,811.8,1.000000
128,-1,1124.9,267.2,290.3,702.2,1.000000
128,-1,324.7,428.6,116.2,305.7,1.000000
128,-1,453.0,405.5,117.1,327.1,1.000000
106,-1,1571.0,227.4,237.9,686.5,1.000000
106,-1,458.2,416.8,130.0,306.9,1.000000
106,-1,1106.0,323.3,206.9,430.8,1.000000
106,-1,1323.7,312.6,243.3,594.3,1.000000
106,-1,333.5,447.4,98.6,272.4,1.000000
42,-1,1604.8,369.5,184.3,423.7,1.000000
42,-1,1337.8,455.7,78.9,213.3,1.000000
42,-1,157.7,249.4,362.5,643.2,1.000000
42,-1,1786.4,309.7,134.6,473.7,0.998000
179,-1,1550.0,380.5,131.9,285.9,1.000000
179,-1,1340.0,540.6,70.1,147.9,1.000000
179,-1,884.1,1.0,410.8,1080.0,1.000000
179,-1,397.9,143.4,499.3,937.6,1.000000
179,-1,1387.3,437.4,102.1,246.4,1.000000
179,-1,389.6,384.1,129.8,432.6,0.198000
254,-1,1618.8,527.4,89.7,187.4,1.000000
254,-1,1082.4,307.6,224.4,507.4,1.000000
254,-1,827.2,316.2,198.3,563.5,1.000000
254,-1,1544.9,421.4,85.5,280.8,1.000000
254,-1,1794.8,423.9,102.6,218.1,1.000000
254,-1,1346.5,370.1,127.6,364.2,1.000000
254,-1,670.6,326.2,228.1,536.0,0.999000
89,-1,940.0,301.5,210.5,477.1,1.000000
89,-1,1665.6,241.1,223.7,621.3,1.000000
89,-1,446.1,426.2,127.2,284.5,1.000000
89,-1,1397.4,331.7,253.6,522.0,1.000000
89,-1,306.1,460.6,101.1,253.1,1.000000
89,-1,1340.4,456.3,81.6,211.7,0.998000
204,-1,1638.4,390.6,119.6,259.2,1.000000
204,-1,1404.9,536.7,68.1,162.4,1.000000
204,-1,955.7,328.5,220.0,475.9,1.000000
204,-1,1422.1,437.4,105.8,256.2,1.000000
204,-1,289.3,1.0,645.8,1080.0,1.000000
204,-1,1523.3,428.1,81.6,228.5,1.000000
204,-1,235.1,260.9,209.8,662.0,0.053000
54,-1,387.5,264.3,334.8,598.6,1.000000
54,-1,1341.2,455.1,80.9,214.3,1.000000
54,-1,1567.3,358.6,198.4,450.1,1.000000
54,-1,1770.5,285.6,150.5,520.3,1.000000
172,-1,964.2,12.9,417.5,1068.1,1.000000
172,-1,1518.8,385.7,136.7,286.2,1.000000
172,-1,564.4,155.8,396.4,925.2,1.000000
172,-1,1382.1,442.3,95.2,242.7,1.000000
172,-1,1333.4,537.8,58.4,173.4,0.831000
172,-1,365.1,392.3,237.8,469.3,0.486000
80,-1,814.0,307.6,261.2,483.6,1.000000
80,-1,1686.8,269.5,210.0,580.7,1.000000
80,-1,1452.7,325.1,230.2,512.6,1.000000
80,-1,1338.5,457.1,82.6,211.2,1.000000
80,-1,424.6,427.7,113.4,283.1,1.000000
80,-1,258.0,467.9,105.5,243.2,1.000000
102,-1,1081.7,311.8,186.7,442.5,1.000000
102,-1,1585.8,218.3,251.9,677.3,1.000000
102,-1,1351.2,314.5,225.3,570.3,1.000000
102,-1,457.9,418.4,126.2,295.8,1.000000
102,-1,326.5,441.1,102.5,276.4,1.000000
152,-1,873.3,227.5,345.6,847.6,1.000000
152,-1,1204.9,126.6,330.7,943.7,1.000000
152,-1,447.6,385.3,139.0,370.4,1.000000
152,-1,82.6,299.4,358.6,617.2,1.000000
132,-1,1381.4,166.9,297.3,823.4,1.000000
132,-1,1119.3,287.8,254.2,696.8,1.000000
132,-1,316.5,430.1,123.5,305.7,1.000000
132,-1,454.1,397.4,114.5,340.1,1.000000
224,-1,1619.9,422.4,138.2,232.4,1.000000
224,-1,715.3,279.0,250.4,606.1,1.000000
224,-1,1460.9,538.1,70.7,170.3,1.000000
224,-1,1485.3,425.1,109.5,270.3,1.000000
224,-1,1169.0,339.1,150.9,443.3,1.000000
224,-1,189.8,277.3,391.0,701.9,1.000000
224,-1,1048.7,416.1,135.4,348.5,1.000000
224,-1,544.3,291.3,248.0,574.1,0.997000
224,-1,1700.2,402.5,104.4,241.4,0.930000
149,-1,1233.5,115.1,325.3,950.9,1.000000
149,-1,440.6,390.5,144.6,364.7,1.000000
149,-1,913.1,214.1,336.1,852.0,1.000000
149,-1,69.0,284.5,277.6,646.5,1.000000
149,-1,305.9,414.2,129.8,340.3,0.998000
69,-1,406.4,432.4,119.1,273.9,1.000000
69,-1,1718.7,266.2,202.3,570.2,1.000000
69,-1,666.6,277.4,258.8,549.8,1.000000
69,-1,1341.3,455.7,80.6,213.4,1.000000
69,-1,1506.2,343.2,201.7,473.8,1.000000
69,-1,239.4,476.2,93.2,236.5,1.000000
243,-1,1547.0,530.1,92.5,181.7,1.000000
243,-1,958.6,293.4,217.8,543.0,1.000000
243,-1,1749.9,422.4,84.7,221.4,1.000000
243,-1,628.1,312.3,225.1,599.1,1.000000
243,-1,1292.3,361.3,166.7,391.0,1.000000
243,-1,1190.5,423.2,110.6,311.0,1.000000
243,-1,527.3,324.8,173.7,548.7,0.981000
225,-1,722.3,275.2,259.1,608.2,1.000000
225,-1,1462.4,536.4,73.8,171.6,1.000000
225,-1,1487.3,423.8,110.9,270.8,1.000000
225,-1,1172.2,342.9,155.5,434.6,1.000000
225,-1,212.3,300.6,376.2,688.7,1.000000
225,-1,1632.6,419.4,122.1,233.0,1.000000
225,-1,1056.1,413.7,133.4,343.0,1.000000
225,-1,1704.2,399.1,110.8,246.6,0.999000
225,-1,559.9,300.1,229.4,561.1,0.995000
229,-1,787.3,271.9,240.2,587.8,1.000000
229,-1,1477.9,536.0,74.0,175.6,1.000000
229,-1,381.6,288.7,249.6,670.6,1.000000
229,-1,1499.3,422.4,116.9,280.7,1.000000
229,-1,1196.6,345.9,152.3,428.8,1.000000
229,-1,1084.8,409.9,138.5,348.9,0.999000
229,-1,1718.2,393.9,110.3,244.5,0.999000
229,-1,1671.5,417.5,85.7,227.9,0.998000
229,-1,631.3,294.0,172.4,555.3,0.997000
229,-1,214.1,300.5,289.1,634.6,0.996000
87,-1,933.7,292.1,191.8,497.8,1.000000
87,-1,1402.7,331.0,256.5,511.7,1.000000
87,-1,1669.6,248.2,218.2,605.7,1.000000
87,-1,446.3,423.1,114.5,292.0,1.000000
87,-1,298.5,463.0,101.7,250.6,1.000000
87,-1,1339.3,455.1,81.7,215.1,1.000000
202,-1,1630.4,392.5,117.2,256.4,1.000000
202,-1,1398.6,535.1,69.1,160.2,1.000000
202,-1,1413.8,433.8,112.0,260.0,1.000000
202,-1,381.6,1.0,593.4,1080.0,1.000000
202,-1,1511.3,421.6,84.4,238.9,0.999000
202,-1,941.6,335.3,226.2,471.2,0.999000
202,-1,295.3,229.3,271.1,730.1,0.075000
82,-1,1680.9,260.4,211.0,596.1,1.000000
82,-1,1434.6,314.8,244.7,529.4,1.000000
82,-1,834.9,293.6,257.9,501.7,1.000000
82,-1,428.3,423.7,113.0,288.6,1.000000
82,-1,1337.9,457.0,83.7,211.1,1.000000
82,-1,269.6,463.7,107.3,249.9,1.000000
82,-1,1898.4,495.6,22.6,107.9,0.067000
226,-1,744.1,275.1,255.3,605.5,1.000000
226,-1,1466.0,535.4,74.0,173.8,1.000000
226,-1,1492.2,425.8,107.9,267.1,1.000000
226,-1,1178.3,346.7,161.8,425.4,1.000000
226,-1,250.3,295.0,339.7,685.7,1.000000
226,-1,1061.8,407.3,137.4,355.9,1.000000
226,-1,1704.3,396.7,115.3,251.1,1.000000
226,-1,1641.3,422.2,109.3,226.5,0.999000
226,-1,575.9,306.8,215.4,559.9,0.993000
40,-1,1611.2,367.1,178.2,421.6,1.000000
40,-1,1337.0,455.4,78.0,214.3,1.000000
40,-1,79.0,243.0,434.0,658.0,1.000000
40,-1,1788.5,306.5,132.5,475.9,0.998000
61,-1,546.5,260.9,251.4,577.0,1.000000
61,-1,1742.8,283.7,178.2,537.2,1.000000
61,-1,1341.1,455.2,81.2,214.8,1.000000
61,-1,1520.2,345.8,211.9,464.0,1.000000
61,-1,370.7,435.9,121.3,272.7,1.000000
61,-1,204.7,472.7,94.3,233.7,0.385000
68,-1,407.5,439.7,110.1,269.4,1.000000
68,-1,1718.2,271.0,202.8,562.6,1.000000
68,-1,1341.4,455.7,80.3,212.9,1.000000
68,-1,1504.2,341.6,204.4,476.5,1.000000
68,-1,648.5,283.8,271.6,540.8,1.000000
68,-1,234.5,474.8,94.8,236.4,1.000000
83,-1,862.0,297.9,233.5,500.8,1.000000
83,-1,1430.2,316.6,246.3,522.7,1.000000
83,-1,1677.7,264.8,213.2,598.9,1.000000
83,-1,435.7,425.7,106.5,286.8,1.000000
83,-1,1339.8,455.1,81.8,213.6,1.000000
83,-1,276.6,460.6,113.7,251.1,1.000000
194,-1,1602.5,394.9,130.4,262.0,1.000000
194,-1,610.6,1.0,485.5,1080.0,1.000000
194,-1,1373.8,535.8,69.8,157.6,1.000000
194,-1,1403.8,435.6,103.6,253.4,0.999000
194,-1,1.0,81.2,416.2,999.8,0.999000
194,-1,488.1,390.5,145.4,433.7,0.999000
235,-1,877.9,274.9,186.0,564.7,1.000000
235,-1,1499.4,530.3,87.4,181.8,1.000000
235,-1,1702.9,422.4,90.6,227.0,1.000000
235,-1,473.7,312.8,289.0,640.9,1.000000
235,-1,1256.1,354.3,142.3,404.4,1.000000
235,-1,1144.3,413.6,111.9,325.6,1.000000
235,-1,702.6,309.1,215.1,519.7,0.166000
235,-1,1767.1,417.1,59.1,215.9,0.152000
218,-1,1121.8,342.0,190.3,442.6,1.000000
218,-1,1599.0,416.8,107.4,233.7,1.000000
218,-1,976.1,417.9,158.4,364.0,1.000000
218,-1,562.9,278.8,303.6,623.3,1.000000
218,-1,1442.9,536.9,68.4,169.2,1.000000
218,-1,1464.1,428.1,101.0,272.6,1.000000
218,-1,1688.2,403.6,108.2,240.8,1.000000
218,-1,106.7,259.7,318.1,767.5,0.377000
245,-1,1561.2,531.0,92.6,178.2,1.000000
245,-1,649.5,316.4,239.4,598.7,1.000000
245,-1,989.6,282.8,197.1,553.4,1.000000
245,-1,1304.3,360.3,154.1,386.4,1.000000
245,-1,1758.8,420.4,86.5,222.0,1.000000
245,-1,1204.7,417.9,102.4,303.9,0.999000
245,-1,566.8,321.5,177.3,539.1,0.246000
93,-1,963.1,312.0,242.3,464.5,1.000000
93,-1,1382.2,322.6,242.7,551.0,1.000000
93,-1,1633.4,243.2,243.6,638.0,1.000000
93,-1,458.7,425.0,109.3,295.2,1.000000
93,-1,314.9,464.0,98.1,254.8,1.000000
2,-1,1684.4,389.0,171.2,355.4,1.000000
2,-1,260.4,454.0,106.2,260.0,1.000000
2,-1,1293.1,458.0,73.9,204.7,1.000000
2,-1,1254.8,521.8,60.5,140.2,0.928000
50,-1,1576.7,355.8,196.9,440.3,1.000000
50,-1,1340.6,455.5,80.9,213.7,1.000000
50,-1,342.6,254.5,320.0,610.1,1.000000
50,-1,1778.0,288.9,143.0,511.0,1.000000
142,-1,1296.1,129.4,308.6,871.1,1.000000
142,-1,978.6,235.3,327.9,780.3,1.000000
142,-1,444.1,398.4,132.1,342.5,1.000000
142,-1,320.1,421.0,123.7,325.4,1.000000
142,-1,6.2,271.2,220.1,678.6,0.999000
57,-1,1341.5,455.1,80.8,214.1,1.000000
57,-1,456.6,259.6,292.6,598.8,1.000000
57,-1,1552.6,365.5,205.5,446.0,1.000000
57,-1,1764.5,285.4,156.5,526.2,1.000000
57,-1,378.1,438.0,119.8,276.1,1.000000
11,-1,1675.2,382.8,170.6,368.7,1.000000
11,-1,1276.0,536.7,54.8,126.4,1.000000
11,-1,279.1,440.5,105.9,276.8,1.000000
11,-1,1308.7,450.3,85.3,212.5,1.000000
11,-1,1.0,249.3,181.4,650.2,0.282000
200,-1,1622.3,388.2,121.3,261.6,1.000000
200,-1,1393.5,536.6,66.2,157.6,1.000000
200,-1,441.0,2.6,560.9,1078.4,1.000000
200,-1,1410.4,435.7,110.0,256.4,1.000000
200,-1,932.1,327.9,189.2,479.6,0.999000
200,-1,1496.9,422.6,89.9,241.4,0.998000
200,-1,276.9,203.7,317.0,820.4,0.990000
200,-1,11.0,91.5,209.4,989.5,0.423000
110,-1,343.8,449.2,97.0,273.6,1.000000
110,-1,462.8,420.3,123.7,299.3,1.000000
110,-1,1549.4,223.1,235.5,697.9,1.000000
110,-1,1297.7,301.9,244.5,607.0,1.000000
110,-1,1145.7,328.2,183.8,412.2,1.000000
62,-1,1520.5,340.3,208.5,463.8,1.000000
62,-1,563.2,246.3,257.1,592.9,1.000000
62,-1,1341.2,455.1,81.2,214.5,1.000000
62,-1,1746.2,283.1,174.8,536.1,1.000000
62,-1,376.6,433.3,117.1,275.4,1.000000
62,-1,203.8,468.2,98.0,238.4,0.998000
176,-1,487.0,140.0,422.4,941.0,1.000000
176,-1,1541.7,380.1,128.3,286.9,1.000000
176,-1,1333.2,540.2,71.4,149.0,1.000000
176,-1,917.7,1.0,406.4,1080.0,1.000000
176,-1,1383.8,438.6,99.0,242.7,1.000000
176,-1,358.7,400.9,145.2,401.4,0.996000
158,-1,788.7,202.7,359.7,878.3,1.000000
158,-1,1142.1,78.8,365.5,1002.2,1.000000
158,-1,449.9,386.9,150.0,382.6,1.000000
158,-1,1464.9,370.2,146.9,307.6,0.999000
158,-1,245.5,292.0,240.5,622.1,0.999000
28,-1,1637.1,376.7,173.2,391.3,1.000000
28,-1,18.5,238.6,356.2,667.9,1.000000
28,-1,1304.2,536.9,54.7,128.2,1.000000
28,-1,1331.1,455.0,75.0,206.8,1.000000
28,-1,1822.8,317.3,98.2,452.8,0.930000
25,-1,1632.8,377.8,189.4,390.3,1.000000
25,-1,1.0,231.3,349.2,666.8,1.000000
25,-1,1302.4,536.4,54.0,128.9,1.000000
25,-1,1330.2,454.7,75.5,209.9,1.000000
25,-1,312.4,446.7,102.5,263.1,1.000000
25,-1,1831.1,320.8,89.9,442.8,0.129000
238,-1,1510.7,531.1,96.0,183.9,1.000000
238,-1,905.2,285.8,238.3,571.8,1.000000
238,-1,1718.2,420.1,89.6,225.6,1.000000
238,-1,528.2,310.4,245.7,628.3,1.000000
238,-1,1265.1,359.4,161.1,389.9,1.000000
238,-1,1163.9,421.2,107.7,323.5,0.999000
238,-1,728.9,323.1,213.3,500.0,0.312000
171,-1,977.3,17.3,415.4,1063.7,1.000000
171,-1,1511.5,381.9,143.4,296.8,1.000000
171,-1,554.4,146.2,417.7,934.8,1.000000
171,-1,1382.3,444.8,91.3,236.6,1.000000
171,-1,358.6,403.7,215.4,450.6,0.464000
3,-1,1681.9,381.9,172.2,363.0,1.000000
3,-1,263.7,453.1,105.9,261.4,1.000000
3,-1,1296.0,457.0,74.7,205.9,1.000000
3,-1,1260.3,517.4,54.6,144.6,0.482000
5,-1,1678.8,385.4,173.0,361.3,1.000000
5,-1,266.6,449.5,106.7,265.4,1.000000
5,-1,1300.5,455.9,74.8,207.1,1.000000
7,-1,1679.7,388.5,167.0,360.5,1.000000
7,-1,272.1,450.4,104.9,261.2,1.000000
7,-1,1304.6,454.5,77.6,205.5,1.000000
7,-1,1271.0,531.8,52.8,129.8,0.953000
9,-1,1679.5,389.5,167.6,362.9,1.000000
9,-1,1306.1,454.8,80.0,204.0,1.000000
9,-1,276.0,445.3,104.4,271.4,1.000000
9,-1,1272.2,536.6,55.0,128.4,1.000000
12,-1,1671.9,383.8,170.5,369.0,1.000000
12,-1,1277.9,538.6,55.7,125.8,1.000000
12,-1,1309.3,452.8,85.7,207.8,1.000000
12,-1,284.2,438.4,99.6,277.2,1.000000
12,-1,1.0,246.6,182.5,653.7,0.596000
13,-1,1670.4,381.6,173.3,365.9,1.000000
13,-1,284.4,443.0,109.0,270.8,1.000000
13,-1,1280.1,538.6,56.8,126.1,1.000000
13,-1,1312.9,453.2,82.5,206.9,1.000000
13,-1,1.0,243.7,194.4,675.4,0.935000
17,-1,1667.6,376.5,169.7,376.5,1.000000
17,-1,293.0,448.2,109.4,263.0,1.000000
17,-1,1322.1,453.9,75.8,208.0,1.000000
17,-1,1291.2,536.3,53.0,131.6,1.000000
17,-1,1.0,242.8,225.3,685.2,0.980000
19,-1,1655.2,381.3,180.9,380.4,1.000000
19,-1,304.8,449.5,99.4,259.4,1.000000
19,-1,1294.0,534.2,54.2,131.9,1.000000
19,-1,1325.0,454.5,76.8,209.8,1.000000
19,-1,1.0,231.3,243.0,679.4,0.997000
22,-1,1641.7,371.5,184.3,395.2,1.000000
22,-1,1298.3,536.2,53.1,130.4,1.000000
22,-1,1328.1,456.0,73.4,207.5,1.000000
22,-1,314.5,454.6,95.7,255.9,1.000000
22,-1,1.0,231.9,293.7,693.3,1.000000
30,-1,1629.6,371.0,173.1,393.9,1.000000
30,-1,3.8,231.0,401.8,671.8,1.000000
30,-1,1332.3,456.6,75.1,205.0,1.000000
30,-1,1305.2,538.5,54.5,127.8,1.000000
30,-1,1812.5,307.4,108.5,462.0,0.911000
33,-1,1627.8,362.4,170.8,410.7,1.000000
33,-1,1.0,230.7,436.2,668.9,1.000000
33,-1,1333.2,454.3,76.6,211.3,1.000000
33,-1,1806.0,306.8,115.0,465.1,0.991000
33,-1,1312.0,527.3,49.5,136.5,0.691000
34,-1,1.0,229.4,450.3,668.8,1.000000
34,-1,1624.1,361.5,173.4,413.4,1.000000
34,-1,1333.7,453.9,76.5,213.1,1.000000
34,-1,1802.2,302.1,118.8,469.6,0.984000
34,-1,1316.3,514.9,51.9,149.0,0.113000
38,-1,1615.0,368.0,171.9,412.4,1.000000
38,-1,27.8,246.2,473.1,653.4,1.000000
38,-1,1335.3,454.5,77.2,215.4,1.000000
38,-1,1792.8,304.6,128.2,475.6,0.997000
45,-1,1596.6,362.4,185.6,427.0,1.000000
45,-1,1339.2,456.3,79.9,212.5,1.000000
45,-1,272.0,244.3,272.3,633.1,1.000000
45,-1,1780.5,308.7,140.5,483.2,1.000000
49,-1,1581.3,359.2,194.2,433.9,1.000000
49,-1,1338.9,457.2,81.9,212.2,1.000000
49,-1,327.4,259.1,304.4,603.9,1.000000
49,-1,1779.4,293.5,141.6,501.0,0.999000
52,-1,371.1,254.0,321.9,623.2,1.000000
52,-1,1340.9,455.4,81.2,213.8,1.000000
52,-1,1577.0,356.0,190.7,446.4,1.000000
52,-1,1774.4,287.7,146.6,513.2,1.000000
53,-1,381.5,262.1,329.3,606.2,1.000000
53,-1,1341.3,455.4,80.7,213.5,1.000000
53,-1,1561.8,353.0,208.0,449.5,1.000000
53,-1,1772.5,286.4,148.5,517.3,1.000000
55,-1,407.9,258.1,333.1,599.5,1.000000
55,-1,1341.4,455.1,81.0,214.3,1.000000
55,-1,1561.9,362.0,198.2,441.6,1.000000
55,-1,1769.7,283.6,151.3,522.1,1.000000
56,-1,1341.3,455.3,80.7,213.9,1.000000
56,-1,431.0,265.7,308.3,593.5,1.000000
56,-1,1558.9,361.1,197.7,446.5,1.000000
56,-1,1768.3,283.0,152.7,526.9,1.000000
56,-1,381.9,414.6,111.7,311.4,0.834000
58,-1,1341.4,455.3,80.8,213.6,1.000000
58,-1,1540.3,360.6,206.0,447.5,1.000000
58,-1,486.4,264.4,266.1,581.7,1.000000
58,-1,1758.7,284.5,162.3,528.4,1.000000
58,-1,373.9,441.2,116.8,270.3,1.000000
66,-1,1729.2,273.9,191.8,552.9,1.000000
66,-1,1505.1,341.6,210.3,478.7,1.000000
66,-1,614.0,281.3,285.3,550.6,1.000000
66,-1,1341.3,455.8,80.4,213.2,1.000000
66,-1,402.6,435.1,104.6,274.6,1.000000
66,-1,219.2,468.7,95.0,240.0,0.999000
71,-1,410.5,434.2,119.4,267.5,1.000000
71,-1,702.6,278.7,247.6,547.1,1.000000
71,-1,1709.8,270.2,208.8,564.2,1.000000
71,-1,1341.0,455.6,81.2,213.4,1.000000
71,-1,245.2,473.1,92.8,244.4,1.000000
71,-1,1509.1,341.1,199.2,485.2,1.000000
72,-1,412.7,434.8,119.3,272.6,1.000000
72,-1,713.5,284.3,239.1,535.7,1.000000
72,-1,1710.7,266.3,207.0,565.9,1.000000
72,-1,1338.9,457.1,82.3,212.0,1.000000
72,-1,247.0,473.0,93.3,244.3,1.000000
72,-1,1509.3,341.4,199.9,490.9,1.000000
76,-1,780.6,277.8,204.4,532.7,1.000000
76,-1,1481.7,333.7,215.6,499.9,1.000000
76,-1,1339.1,457.0,82.4,212.2,1.000000
76,-1,415.9,429.2,118.8,279.5,1.000000
76,-1,1694.6,264.0,213.3,575.5,1.000000
76,-1,253.0,470.4,95.4,242.9,1.000000
78,-1,1692.0,266.3,210.7,579.4,1.000000
78,-1,800.5,290.7,229.8,520.7,1.000000
78,-1,416.4,429.8,117.4,279.8,1.000000
78,-1,1340.2,455.7,81.6,213.3,1.000000
78,-1,1463.2,332.3,231.1,495.5,1.000000
78,-1,255.5,466.6,97.4,243.5,1.000000
84,-1,1678.3,255.3,210.8,605.3,1.000000
84,-1,1423.5,317.4,249.2,528.3,1.000000
84,-1,876.5,295.5,227.2,502.6,1.000000
84,-1,439.6,429.7,103.6,283.2,1.000000
84,-1,279.5,462.3,114.5,251.1,1.000000
84,-1,1339.8,454.7,81.4,214.5,1.000000
91,-1,949.0,307.7,239.3,474.3,1.000000
91,-1,1654.7,240.2,229.5,627.3,1.000000
91,-1,1383.5,325.3,251.0,545.4,1.000000
91,-1,309.6,459.8,103.3,253.3,1.000000
91,-1,452.1,422.8,120.7,294.4,1.000000
91,-1,1338.7,454.2,80.7,212.9,0.839000
92,-1,952.0,313.3,238.9,462.0,1.000000
92,-1,1382.0,319.6,246.7,553.9,1.000000
92,-1,1651.7,247.7,228.4,618.4,1.000000
92,-1,309.9,461.3,102.7,254.0,1.000000
92,-1,455.1,425.1,113.5,293.4,1.000000
92,-1,1341.1,452.8,76.3,208.2,0.054000
97,-1,1017.4,315.0,217.6,449.2,1.000000
97,-1,1367.5,332.8,234.3,536.0,1.000000
97,-1,455.9,416.5,125.4,300.9,1.000000
97,-1,1615.0,227.8,246.3,668.9,1.000000
97,-1,319.2,458.4,102.9,258.0,1.000000
111,-1,345.5,451.2,93.8,271.2,1.000000
111,-1,461.2,418.1,124.3,305.2,1.000000
111,-1,1548.8,210.8,237.0,712.8,1.000000
111,-1,1291.1,297.7,247.3,608.5,1.000000
111,-1,1152.0,326.1,180.4,410.6,1.000000
113,-1,456.4,410.0,123.9,313.0,1.000000
113,-1,1281.3,298.5,243.5,613.7,1.000000
113,-1,1532.3,218.3,231.8,717.7,1.000000
113,-1,347.6,445.1,94.9,275.6,1.000000
113,-1,1165.8,326.8,172.2,409.0,0.999000
117,-1,1241.4,290.7,261.0,623.6,1.000000
117,-1,459.4,405.7,115.7,314.3,1.000000
117,-1,346.1,441.6,94.9,285.9,1.000000
117,-1,1507.9,219.8,241.3,726.0,1.000000
119,-1,1491.3,201.0,249.2,753.9,1.000000
119,-1,1208.1,309.4,281.1,627.1,1.000000
119,-1,456.5,404.7,120.3,327.7,1.000000
119,-1,344.0,440.5,97.7,290.1,1.000000
125,-1,1141.6,274.0,300.6,687.4,1.000000
125,-1,1455.2,173.7,270.5,786.5,1.000000
125,-1,330.4,431.7,109.6,304.0,1.000000
125,-1,450.0,407.6,120.4,323.4,1.000000
127,-1,1132.5,267.7,285.4,691.1,1.000000
127,-1,1426.7,176.9,291.6,787.4,1.000000
127,-1,330.5,435.7,110.8,300.6,1.000000
127,-1,451.2,409.5,117.5,320.1,1.000000
138,-1,1329.0,137.9,305.3,859.2,1.000000
138,-1,1039.5,238.5,292.0,784.5,1.000000
138,-1,322.2,421.3,121.2,325.7,1.000000
138,-1,444.4,389.6,135.2,353.7,1.000000
138,-1,3.9,270.4,167.9,669.6,0.987000
145,-1,942.8,214.0,350.2,839.7,1.000000
145,-1,1264.4,138.3,309.3,888.5,1.000000
145,-1,439.6,397.7,135.9,343.3,1.000000
145,-1,320.0,419.3,123.4,334.4,1.000000
145,-1,7.2,268.1,237.7,685.5,1.000000
155,-1,1178.5,82.2,353.8,996.9,1.000000
155,-1,447.3,380.6,147.5,377.4,1.000000
155,-1,818.2,205.0,376.2,876.0,1.000000
155,-1,144.9,293.9,332.6,619.4,1.000000
159,-1,784.2,201.9,353.9,879.1,1.000000
159,-1,1130.1,51.7,376.1,1024.0,1.000000
159,-1,457.1,386.1,147.2,380.1,1.000000
159,-1,1476.1,371.4,137.4,307.2,1.000000
159,-1,268.1,292.2,212.5,609.7,1.000000
164,-1,1071.9,34.6,393.4,1046.4,1.000000
164,-1,1501.4,370.4,130.9,307.8,1.000000
164,-1,735.3,186.7,334.1,894.3,1.000000
164,-1,359.8,307.0,231.9,580.5,1.000000
175,-1,931.1,1.0,413.9,1080.0,1.000000
175,-1,509.0,133.1,424.0,947.9,1.000000
175,-1,1538.3,380.0,125.2,284.8,1.000000
175,-1,1386.1,439.2,94.7,242.6,1.000000
175,-1,1332.9,539.2,71.8,149.7,1.000000
175,-1,365.6,394.3,143.2,431.6,0.667000
178,-1,1546.8,379.2,129.7,290.0,1.000000
178,-1,1336.9,540.3,71.1,148.1,1.000000
178,-1,437.5,129.0,455.5,952.0,1.000000
178,-1,1390.3,439.8,94.6,237.6,1.000000
178,-1,897.9,1.0,408.5,1080.0,1.000000
178,-1,371.9,396.9,142.8,409.5,0.893000
189,-1,1589.3,386.6,127.3,276.4,1.000000
189,-1,728.7,1.0,466.4,1080.0,1.000000
189,-1,1399.9,435.6,99.9,251.7,1.000000
189,-1,1361.3,538.8,66.0,150.7,1.000000
189,-1,88.8,99.6,535.4,981.4,0.999000
189,-1,561.4,395.5,135.8,391.3,0.052000
191,-1,1595.4,395.5,123.1,264.6,1.000000
191,-1,675.8,1.0,485.0,1080.0,1.000000
191,-1,12.1,87.2,512.9,993.8,1.000000
191,-1,1400.4,435.5,100.0,248.7,1.000000
191,-1,1367.2,539.9,67.0,152.3,1.000000
191,-1,481.3,389.1,125.2,419.4,0.139000
196,-1,551.6,1.0,527.0,1080.0,1.000000
196,-1,1613.8,399.9,116.4,252.0,1.000000
196,-1,1378.9,535.1,70.9,160.0,1.000000
196,-1,1405.1,435.2,105.7,258.6,0.999000
196,-1,1473.9,424.9,101.2,240.9,0.995000
196,-1,6.5,84.9,391.6,996.1,0.984000
196,-1,270.6,200.6,228.1,789.3,0.196000
196,-1,513.0,382.3,135.7,447.0,0.126000
198,-1,1614.5,393.4,124.4,256.2,1.000000
198,-1,1388.2,536.5,67.9,156.6,1.000000
198,-1,502.0,1.0,534.8,1080.0,1.000000
198,-1,1407.8,436.6,106.3,249.7,1.000000
198,-1,1480.7,422.2,102.5,245.3,0.997000
198,-1,227.8,214.4,340.3,770.2,0.996000
198,-1,5.4,93.6,351.8,987.4,0.854000
198,-1,914.9,314.5,159.9,496.6,0.098000
207,-1,1644.9,396.3,121.7,253.5,1.000000
207,-1,1411.3,535.1,71.1,165.0,1.000000
207,-1,1429.2,433.6,106.1,256.1,1.000000
207,-1,1528.7,424.3,106.0,230.8,1.000000
207,-1,995.3,328.0,188.1,476.5,1.000000
207,-1,159.0,4.4,666.6,1076.6,0.999000
207,-1,861.2,397.1,181.2,393.2,0.719000
210,-1,1048.4,334.2,172.7,461.3,1.000000
210,-1,1438.6,430.9,103.3,259.9,1.000000
210,-1,1657.3,397.8,116.9,252.8,1.000000
210,-1,1547.1,421.9,104.4,235.8,1.000000
210,-1,1419.2,536.0,67.1,166.0,1.000000
210,-1,909.1,411.1,155.2,372.8,1.000000
210,-1,4.7,30.0,704.1,1051.0,0.998000
211,-1,1069.3,335.2,175.8,457.3,1.000000
211,-1,1662.1,394.5,118.3,253.0,1.000000
211,-1,1421.7,537.5,69.1,162.0,1.000000
211,-1,1443.3,428.5,102.9,267.4,1.000000
211,-1,1553.7,423.5,99.6,230.3,1.000000
211,-1,924.3,399.7,139.3,384.6,1.000000
211,-1,10.9,21.2,609.7,1059.8,1.000000
211,-1,488.9,276.7,313.8,613.3,0.859000
217,-1,1597.7,417.7,97.8,229.2,1.000000
217,-1,1115.8,343.9,187.7,447.7,1.000000
217,-1,539.9,255.2,321.5,650.8,1.000000
217,-1,1682.4,403.8,112.9,239.7,1.000000
217,-1,1460.9,428.0,102.1,269.3,1.000000
217,-1,1440.4,537.4,66.2,168.2,1.000000
217,-1,974.0,412.5,147.0,368.1,1.000000
217,-1,13.4,30.0,364.8,1051.0,0.478000
222,-1,1161.8,337.0,159.0,446.4,1.000000
222,-1,1455.2,538.2,66.3,169.7,1.000000
222,-1,1609.2,423.3,144.9,231.1,1.000000
222,-1,690.4,266.5,246.9,610.4,1.000000
222,-1,1476.8,429.0,102.1,265.8,1.000000
222,-1,173.0,300.1,375.3,676.3,1.000000
222,-1,1035.2,416.4,123.5,344.1,0.999000
222,-1,526.8,295.2,219.9,570.4,0.998000
223,-1,1616.4,423.9,139.3,229.1,1.000000
223,-1,1459.3,538.3,67.3,170.4,1.000000
223,-1,701.5,267.7,249.9,603.8,1.000000
223,-1,1478.7,428.3,106.8,266.6,1.000000
223,-1,1161.9,341.2,155.6,434.3,1.000000
223,-1,175.4,290.6,382.7,688.4,1.000000
223,-1,1042.2,417.1,129.2,340.1,0.999000
223,-1,527.3,290.6,242.7,589.0,0.999000
223,-1,1696.6,401.2,106.1,247.0,0.720000
231,-1,819.3,271.4,217.4,577.9,1.000000
231,-1,428.1,296.1,233.1,656.5,1.000000
231,-1,1214.6,348.2,144.0,426.7,1.000000
231,-1,1488.1,532.2,72.3,176.7,1.000000
231,-1,1686.7,418.8,87.5,229.4,1.000000
231,-1,1507.4,424.0,114.6,274.8,1.000000
231,-1,662.9,293.8,172.5,540.4,1.000000
231,-1,1099.3,427.5,140.7,325.4,0.999000
231,-1,302.0,321.8,192.0,585.8,0.978000
248,-1,1583.3,531.9,85.1,181.7,1.000000
248,-1,1024.3,289.6,198.1,530.4,1.000000
248,-1,1316.7,357.1,133.8,379.9,1.000000
248,-1,1768.9,421.6,89.3,225.4,1.000000
248,-1,660.8,327.0,289.3,570.9,1.000000
248,-1,1540.9,431.2,88.7,268.6,0.999000
248,-1,1217.2,424.2,112.0,305.0,0.999000
252,-1,1608.1,532.6,78.1,181.2,1.000000
252,-1,1062.5,304.5,224.6,519.0,1.000000
252,-1,1543.6,420.4,86.1,282.8,1.000000
252,-1,1785.2,419.6,110.6,224.1,1.000000
252,-1,787.1,320.0,212.0,565.2,1.000000
252,-1,1335.9,365.4,129.5,373.0,1.000000
252,-1,635.9,327.1,237.3,538.0,0.993000
252,-1,1250.9,408.4,77.7,327.6,0.063000
253,-1,1612.2,532.5,79.6,182.0,1.000000
253,-1,1074.1,305.8,216.8,514.3,1.000000
253,-1,1341.9,365.5,128.9,377.2,1.000000
253,-1,1544.3,424.0,85.3,277.9,1.000000
253,-1,1788.0,421.3,109.8,221.1,1.000000
253,-1,803.9,322.1,201.9,555.3,1.000000
253,-1,648.0,330.3,231.3,536.2,0.999000
257,-1,1636.9,528.4,96.7,192.8,1.000000
257,-1,1111.9,302.7,211.0,513.3,1.000000
257,-1,858.2,328.6,219.9,563.1,1.000000
257,-1,1543.8,423.8,87.1,281.4,1.000000
257,-1,1808.6,426.1,93.4,210.9,1.000000
257,-1,1360.2,367.8,129.0,364.7,1.000000
257,-1,729.9,333.9,175.7,508.5,0.997000
